1523745045 seed, 60 fps, 1920x1080, fullScreen=1, version60_mouseSpeed1.000000_musicOff0_musicLoudness1.000000_webRetrySeconds16 6AE1F26D71B23CC4993473343583E646F47A27A7
2 T 1523745046.507000 mm 490 577
0  
1  mm 1006 592
0  
0  
0  
0  
0  
0  
0  
0  
0  
0  
0  
0  
0  
0  
0  
0  
0  
0  
0  
0  
0  
0  
0  
0  
0  
0  
0  
0  
0  
0  
0  
0  
0  
0  
0  
0  
0  
0  
0  
0  
0  
0  
0  
0  
0  
0  
0  
0  
0  
0  
0  
0  
0  
0  
0  
0  
0  
0  
0  
0  
0  
0  
0  
0  
0  
0  
0  
0  
0  
0  
0  
0  
0  
0  
0  
0  
0  
0  
0  
0  
0  
0  
0  
0  
0  
0  
0  
0  
0  
0  
0  
0  
0  
0  
0  
0  
1 T 1523745056.410000 
0  
0  
0  
0  
0  
0  
0  
0  
0  
0  
0  
0  
0  
0  
0  
0  
2 af 0 af 3 
1 af 1 
1 af 2 
1 af 4 
0  
0  
0  
0  
0  
0  
0  
0  
0  
0  
0  
0  
0  
0  
0  
0  
0  
0  
0  
0  
0  
0  
0  
0  
0  
0  
0  
0  
0  
0  
0  
1  mm 1018 583
1  mm 1102 504
1  mm 1245 342
1  mm 1297 267
1  mm 1313 234
1  mm 1332 210
1  mm 1343 200
1  mm 1348 195
1  mm 1350 193
1  mm 1355 191
1  mm 1358 191
1  mm 1360 191
1  mm 1362 191
1  mm 1363 191
1  mm 1363 189
1  mm 1363 190
1  mm 1360 197
1  mm 1354 204
1  mm 1345 213
1  mm 1317 229
1  mm 1297 237
1  mm 1259 250
1  mm 1168 267
1  mm 1133 272
2  mm 1102 277 mm 1089 277
1  mm 1061 281
1  mm 1029 286
1  mm 1002 293
1  mm 995 296
1  mm 990 298
1  mm 986 299
1  mm 981 301
1  mm 978 301
1  mm 975 301
1  mm 972 301
1  mm 970 301
1  mm 967 301
0  
0  
0  
0  
0  
0  
0  
0  
0  
1  mb 1 1 967 301
0  
1 T 1523745060.411000 
0  
0  
0  
0  
0  
0  
0  
0  
0  
0  
0  
