1523745279 seed, 60 fps, 1920x1080, fullScreen=1, version60_mouseSpeed1.000000_musicOff0_musicLoudness1.000000_webRetrySeconds16 6AE1F26D71B23CC4993473343583E646F47A27A7
2 T 1523745279.677000 mm 604 612
0  
1  mm 1170 331
0  
0  
0  
0  
0  
0  
0  
0  
0  
0  
0  
0  
0  
0  
0  
0  
1  mm 1166 333
1  mm 1138 345
1  mm 1089 360
1  mm 1070 364
1  mm 1059 366
1  mm 1036 368
1  mm 1025 368
1  mm 1015 368
1  mm 1011 368
1  mm 1008 368
1  mm 1005 368
1  mm 1001 368
1  mm 1001 367
0  
0  
0  
0  
0  
1  mm 1001 366
0  
0  
0  
0  
0  
0  
0  
0  
0  
0  
0  
0  
0  
0  
0  
0  
0  
0  
0  
0  
0  
0  
0  
0  
0  
0  
0  
0  
0  
0  
0  
0  
0  
0  
0  
0  
0  
0  
0  
0  
0  
0  
0  
0  
0  
0  
0  
0  
0  
0  
0  
0  
0  
0  
0  
0  
0  
0  
0  
0  
0  
1 T 1523745282.479000 
0  
0  
0  
0  
0  
0  
0  
0  
0  
0  
0  
0  
0  
0  
0  
0  
2 af 0 af 3 
1 af 1 
1 af 2 
1 af 4 
0  
0  
0  
0  
0  
0  
0  
0  
0  
0  
0  
0  
0  
0  
0  
0  
0  
0  
1  mm 999 366
1  mm 998 366
1  mm 992 366
1  mm 975 364
1  mm 958 362
1  mm 943 360
1  mm 922 360
1  mm 914 360
1  mm 907 360
1  mm 901 357
1  mm 897 357
1  mm 896 356
1  mm 893 353
1  mm 893 348
1  mm 899 329
1  mm 905 313
1  mm 911 304
1  mm 914 296
1  mm 916 293
1  mm 917 290
1  mm 919 289
1  mm 920 288
0  
0  
0  
0  
0  
0  
0  
0  
0  
0  
1  mb 1 1 920 288
0  
0  
0  
0  
0  
0  
0  
0  
0  
0  
0  
0  
0  
