1523747543 seed, 60 fps, 1920x1080, fullScreen=1, version60_mouseSpeed1.000000_musicOff0_musicLoudness1.000000_webRetrySeconds16 6AE1F26D71B23CC4993473343583E646F47A27A7
2 T 1523747543.531000 mm 866 901
0  
0  
0  
0  
0  
0  
0  
0  
0  
0  
0  
0  
0  
0  
0  
0  
0  
0  
0  
0  
0  
0  
0  
0  
0  
0  
0  
0  
0  
0  
0  
0  
0  
0  
0  
0  
0  
0  
0  
0  
0  
0  
0  
0  
0  
0  
0  
0  
0  
0  
0  
0  
0  
0  
0  
0  
0  
0  
0  
0  
0  
0  
0  
0  
0  
0  
0  
0  
0  
0  
0  
0  
0  
0  
0  
0  
0  
0  
0  
0  
0  
0  
0  
0  
0  
0  
0  
0  
0  
0  
0  
0  
0  
0  
0  
0  
0  
0  
1 T 1523747546.387000 
0  
0  
0  
0  
0  
0  
0  
0  
0  
0  
0  
0  
0  
0  
0  
0  
2 af 0 af 3 
1 af 1 
1 af 2 
1 af 4 
0  
0  
0  
0  
0  
0  
0  
0  
0  
0  
0  
0  
0  
0  
0  
0  
0  
0  
0  
0  
0  
0  
0  
0  
0  
0  
0  
0  
0  
0  
0  
0  
0  
0  
0  
0  
0  
0  
0  
0  
0  
0  
0  
0  
0  
0  
0  
0  
0  
0  
0  
0  
0  
0  
0  
0  
0  
0  
0  
0  
0  
0  
0  
0  
0  
0  
0  
0  
0  
0  
0  
0  
0  
1  mm 858 791
1  mm 845 624
1  mm 859 441
1  mm 864 393
1  mm 870 356
1  mm 874 329
2 T 1523747548.609000 mm 874 326
1  mm 874 325
0  
0  
0  
0  
0  
1  mm 875 325
1  mm 878 325
1  mm 892 321
1  mm 903 318
1  mm 910 314
1  mm 918 313
1  mm 920 313
1  mm 925 313
1  mm 929 313
1  mm 934 313
1  mm 938 313
1  mm 941 313
1  mm 942 311
0  
0  
0  
0  
0  
0  
0  
0  
0  
1  mb 1 1 942 311
0  
0  
0  
0  
0  
0  
0  
0  
0  
0  
0  
0  
0  
1  mb 1 0 942 311
2 af 5 af 8 
1 af 6 
1 af 7 
0  
0  
0  
0  
0  
0  
0  
0  
0  
0  
0  
0  
0  
0  
0  
0  
0  
0  
0  
0  
0  
0  
0  
0  
0  
0  
0  
0  
1  mm 976 333
1  mm 1021 354
1  mm 1076 370
1  mm 1140 376
1  mm 1177 374
1  mm 1200 368
1  mm 1212 359
1  mm 1221 351
1  mm 1229 342
1  mm 1237 333
1  mm 1240 329
1  mm 1245 326
1  mm 1246 323
1  mm 1248 320
1  mm 1249 319
1  mm 1250 317
1  mm 1252 317
1  mm 1252 316
0  
0  
0  
0  
1  mm 1252 314
1  mm 1248 310
1  mm 1244 307
2 T 1523747550.230000 mm 1240 303
1  mm 1237 300
1  mm 1235 298
1  mm 1231 297
1  mm 1228 296
1  mm 1227 294
1  mm 1224 294
1  mm 1223 294
1  mm 1221 294
1  mm 1220 294
0  
0  
0  
0  
0  
0  
0  
0  
0  
0  
0  
0  
0  
1  mm 1197 294
1  mm 1185 294
1  mm 1171 294
1  mm 1168 294
1  mm 1163 294
1  mm 1161 294
1  mm 1158 295
1  mm 1156 296
1  mm 1155 297
1  mm 1153 297
1  mm 1152 299
0  
0  
0  
0  
1  mm 1151 299
0  
0  
0  
0  
0  
0  
0  
0  
0  
0  
0  
0  
0  
1  mm 1151 298
0  
1  mm 1151 297
1  mm 1152 296
1  mm 1152 294
0  
0  
0  
0  
0  
0  
0  
0  
0  
0  
0  
0  
0  
1  mb 1 1 1152 294
0  
0  
0  
0  
0  
0  
0  
0  
0  
0  
0  
0  
1  mb 1 0 1152 294
0  
0  
0  
0  
0  
0  
0  
0  
0  
0  
0  
0  
0  
0  
0  
0  
1 T 1523747551.830000 
0  
0  
0  
0  
0  
0  
0  
0  
0  
0  
0  
0  
0  
0  
0  
0  
0  
0  
1  mm 1152 296
1  mm 1154 302
1  mm 1156 307
1  mm 1157 314
1  mm 1158 319
1  mm 1160 331
1  mm 1162 340
1  mm 1166 351
1  mm 1171 367
1  mm 1177 386
1  mm 1187 411
1  mm 1219 478
1  mm 1252 525
1  mm 1285 556
1  mm 1294 565
1  mm 1305 574
1  mm 1311 579
1  mm 1318 586
1  mm 1329 595
1  mm 1338 600
1  mm 1341 605
1  mm 1345 609
1  mm 1348 611
1  mm 1351 615
1  mm 1353 618
1  mm 1353 621
1  mm 1356 627
1  mm 1357 631
1  mm 1359 637
1  mm 1360 643
1  mm 1362 650
1  mm 1365 654
1  mm 1380 667
1  mm 1391 679
1  mm 1411 695
1  mm 1421 704
1  mm 1430 712
1  mm 1434 718
1  mm 1437 721
1  mm 1439 724
1  mm 1442 727
1  mm 1442 728
1  mm 1444 729
1  mm 1446 731
1  mm 1446 732
0  
0  
0  
0  
0  
1  mm 1446 730
1  mm 1443 726
1  mm 1440 722
1  mm 1435 719
1  mm 1429 712
1  mm 1424 708
1  mm 1413 695
1  mm 1406 688
1  mm 1399 679
1  mm 1392 672
1  mm 1391 668
1  mm 1388 665
1  mm 1386 662
1  mm 1385 659
1  mm 1384 659
1  mm 1382 655
1  mm 1381 653
0  
0  
0  
0  
0  
0  
0  
0  
0  
0  
0  
0  
0  
0  
1 T 1523747553.429000 
1  mb 1 1 1381 653
0  
0  
0  
0  
0  
0  
0  
0  
0  
0  
0  
0  
0  
1  mb 1 0 1381 653
1 af 9 
1 af 10 
0  
0  
0  
0  
0  
0  
0  
0  
0  
0  
0  
0  
0  
0  
0  
0  
0  
0  
0  
0  
0  
0  
0  
0  
0  
0  
0  
0  
0  
0  
0  
0  
0  
0  
0  
0  
0  
1  mm 1381 655
1  mm 1384 662
1  mm 1388 669
1  mm 1393 679
1  mm 1398 688
1  mm 1403 694
1  mm 1406 697
1  mm 1409 701
1  mm 1409 704
1  mm 1410 707
1  mm 1411 711
1  mm 1411 714
1  mm 1411 717
1  mm 1411 720
1  mm 1411 721
1  mm 1411 723
1  mm 1411 725
0  
0  
0  
0  
0  
0  
0  
0  
0  
0  
0  
0  
0  
0  
0  
0  
0  
0  
0  
1  mm 1411 727
0  
1  mm 1411 728
1  mm 1411 730
0  
1  mm 1413 730
1  mm 1413 731
0  
0  
1 T 1523747555.029000 
0  
0  
0  
0  
0  
0  
0  
0  
0  
1  mb 1 1 1413 731
0  
0  
0  
0  
0  
0  
0  
0  
0  
0  
0  
0  
1  mb 1 0 1413 731
1 af 11 
2 af 12 af 15 
1 af 13 
1 af 14 
0  
0  
0  
0  
0  
0  
0  
0  
0  
0  
0  
0  
0  
0  
0  
0  
0  
0  
0  
0  
0  
0  
0  
0  
0  
0  
0  
0  
1  mb 1 1 1413 731
0  
0  
0  
0  
0  
0  
0  
0  
0  
0  
0  
0  
1  mb 1 0 1413 731
6 af 16 af 19 af 22 af 25 af 28 af 31 
4 af 17 af 21 af 26 af 30 
3 af 18 af 24 af 32 
2 af 20 af 29 
1 af 23 
1 af 27 
1 af 33 
0  
0  
0  
0  
0  
0  
0  
0  
0  
0  
0  
0  
0  
0  
1  mm 1409 700
1  mm 1396 562
1  mm 1393 509
1  mm 1388 451
1  mm 1386 438
1  mm 1386 430
1  mm 1385 425
1  mm 1385 424
1  mm 1385 422
2 T 1523747556.629000 mm 1385 420
0  
1  mm 1385 417
0  
1  mm 1385 415
1  mm 1385 413
0  
1  mm 1385 410
1  mm 1385 408
1  mm 1385 405
1  mm 1385 401
1  mm 1385 400
1  mm 1385 397
1  mm 1385 393
1  mm 1385 388
1  mm 1385 381
1  mm 1385 376
1  mm 1385 371
1  mm 1385 364
1  mm 1385 361
1  mm 1385 357
1  mm 1385 355
1  mm 1385 354
1  mm 1385 351
0  
0  
0  
0  
0  
0  
0  
0  
0  
0  
1  mb 1 1 1385 351
0  
0  
0  
0  
0  
0  
0  
0  
0  
0  
0  
0  
1  mb 1 0 1385 351
0  
0  
0  
0  
0  
0  
0  
0  
0  
0  
0  
0  
0  
0  
0  
0  
0  
0  
0  
0  
0  
0  
0  
0  
0  
0  
0  
0  
0  
0  
0  
0  
0  
0  
0  
0  
0  
0  
0  
0  
0  
0  
0  
0  
0  
0  
0  
0  
0  
0  
0  
0  
1 T 1523747558.229000 
0  
0  
0  
0  
0  
0  
0  
0  
0  
0  
0  
0  
0  
0  
0  
0  
0  
0  
0  
0  
0  
0  
0  
0  
0  
0  
0  
0  
0  
1  kd 100 1385 351
5 af 34 af 37 af 40 af 43 af 46 
3 af 35 af 39 af 44 
2 af 36 af 42 
2 af 38 af 47 
1 af 41 
1 af 45 
0  
1  ku 100 1385 351
0  
0  
0  
0  
0  
1  kd 114 1385 351
8 af 48 af 51 af 54 af 57 af 60 af 63 af 66 af 69 
5 af 49 af 53 af 58 af 62 af 67 
3 af 50 af 56 af 64 
2 af 52 af 61 
3 af 55 af 68 ku 114 1385 351
2 af 59 kd 111 1385 351
1 af 65 
1 af 70 
0  
1  kd 109 1385 351
0  
0  
0  
1  ku 111 1385 351
0  
0  
1  ku 109 1385 351
0  
0  
0  
0  
0  
0  
0  
0  
0  
0  
0  
0  
0  
0  
0  
0  
0  
0  
0  
0  
0  
0  
0  
0  
0  
0  
0  
0  
0  
0  
0  
0  
0  
0  
0  
0  
0  
0  
1 T 1523747559.829000 
0  
0  
1  mm 1386 377
1  mm 1388 399
1  mm 1393 434
1  mm 1399 456
1  mm 1403 475
1  mm 1410 494
1  mm 1415 515
1  mm 1419 526
1  mm 1421 534
1  mm 1422 536
1  mm 1424 542
1  mm 1425 547
1  mm 1427 550
1  mm 1428 556
1  mm 1430 560
1  mm 1431 565
1  mm 1433 574
1  mm 1435 585
1  mm 1440 602
1  mm 1442 610
1  mm 1444 619
1  mm 1444 629
1  mm 1444 635
1  mm 1444 642
1  mm 1444 649
1  mm 1444 654
1  mm 1444 660
1  mm 1444 664
1  mm 1444 667
1  mm 1444 673
1  mm 1444 677
1  mm 1443 682
1  mm 1441 694
1  mm 1440 700
1  mm 1438 710
1  mm 1436 717
1  mm 1435 720
1  mm 1434 726
1  mm 1432 728
1  mm 1432 731
1  mm 1432 734
1  mm 1432 735
1  mm 1432 737
0  
1  mm 1431 737
0  
1  mm 1431 736
0  
0  
0  
0  
0  
0  
0  
0  
0  
0  
0  
0  
0  
0  
1  mb 1 1 1431 736
0  
0  
0  
0  
0  
0  
0  
0  
0  
0  
0  
0  
0  
1  mb 1 0 1431 736
0  
0  
0  
0  
0  
0  
0  
0  
0  
0  
0  
0  
0  
0  
0  
0  
0  
0  
0  
0  
0  
1 T 1523747561.430000 
0  
0  
0  
0  
0  
0  
0  
1  mm 1418 736
1  mm 1398 737
1  mm 1389 739
1  mm 1380 739
1  mm 1375 740
1  mm 1372 742
1  mm 1366 743
1  mm 1362 745
1  mm 1359 745
1  mm 1355 745
1  mm 1353 746
1  mm 1349 746
1  mm 1346 748
1  mm 1343 748
1  mm 1341 748
1  mm 1339 748
1  mm 1338 748
1  mm 1336 748
1  mm 1335 748
0  
1  mm 1332 748
1  mm 1331 749
1  mm 1329 749
1  mm 1328 749
1  mm 1326 749
0  
0  
1  mm 1325 749
0  
0  
1  mm 1324 749
0  
1  mm 1322 749
1  mm 1321 749
1  mm 1319 749
1  mm 1316 749
1  mm 1315 749
0  
0  
0  
0  
0  
0  
0  
0  
0  
0  
0  
0  
0  
0  
0  
0  
0  
0  
0  
0  
0  
0  
0  
0  
0  
0  
0  
0  
0  
0  
0  
0  
0  
0  
0  
0  
0  
0  
0  
0  
0  
0  
0  
0  
0  
0  
0  
0  
0  
0  
0  
0  
0  
0  
0  
1 T 1523747563.029000 
0  
0  
0  
0  
0  
0  
0  
0  
0  
0  
0  
0  
0  
0  
0  
0  
0  
0  
0  
0  
0  
0  
0  
0  
0  
0  
0  
0  
0  
0  
0  
0  
0  
0  
0  
0  
0  
0  
0  
0  
0  
0  
0  
0  
0  
0  
0  
0  
0  
0  
0  
0  
0  
0  
0  
0  
0  
0  
0  
0  
0  
0  
0  
0  
0  
0  
0  
0  
0  
0  
0  
0  
0  
0  
0  
0  
0  
0  
0  
0  
0  
0  
0  
0  
0  
0  
0  
0  
0  
0  
0  
0  
0  
0  
0  
0  
0  
0  
0  
1 T 1523747564.631000 
0  
0  
0  
0  
0  
0  
0  
0  
0  
0  
0  
0  
0  
0  
0  
0  
0  
0  
0  
0  
0  
0  
0  
0  
0  
0  
0  
0  
0  
0  
0  
0  
0  
0  
0  
0  
0  
0  
0  
0  
0  
0  
0  
0  
0  
0  
0  
0  
0  
0  
0  
0  
0  
0  
0  
0  
0  
0  
0  
0  
0  
0  
0  
0  
0  
0  
0  
0  
0  
0  
0  
0  
0  
0  
0  
0  
0  
0  
0  
0  
0  
0  
0  
0  
0  
0  
0  
0  
0  
0  
0  
0  
0  
0  
0  
0  
0  
0  
0  
1 T 1523747566.232000 
0  
0  
0  
0  
0  
0  
0  
0  
0  
0  
0  
0  
0  
0  
0  
1  mm 1315 732
1  mm 1308 614
1  mm 1297 500
1  mm 1299 314
1  mm 1309 279
1  mm 1327 216
1  mm 1339 193
1  mm 1343 174
1  mm 1346 165
1  mm 1348 163
1  mm 1350 160
1  mm 1356 152
1  mm 1359 145
1  mm 1366 134
1  mm 1370 126
1  mm 1375 116
1  mm 1380 98
1  mm 1382 85
1  mm 1384 71
1  mm 1384 66
1  mm 1384 62
1  mm 1384 59
0  
0  
1  mm 1382 69
1  mm 1380 85
1  mm 1374 114
1  mm 1370 129
1  mm 1370 140
1  mm 1366 148
1  mm 1366 151
1  mm 1365 155
1  mm 1363 163
1  mm 1362 167
1  mm 1362 178
1  mm 1360 189
1  mm 1360 200
1  mm 1360 208
1  mm 1360 212
1  mm 1360 215
1  mm 1358 221
1  mm 1357 225
1  mm 1355 232
1  mm 1354 242
1  mm 1354 246
1  mm 1354 252
1  mm 1354 257
1  mm 1352 259
1  mm 1353 265
0  
0  
0  
0  
0  
0  
0  
0  
0  
0  
0  
0  
1  mb 1 1 1353 265
0  
0  
0  
0  
0  
0  
0  
0  
0  
0  
0  
0  
0  
1  mb 1 0 1353 265
3 af 71 af 74 af 77 
2 af 72 af 76 
1 af 73 
1 af 75 
0  
0  
0  
0  
1 T 1523747567.835000 
0  
0  
0  
0  
0  
0  
0  
0  
0  
0  
0  
0  
0  
0  
0  
0  
0  
0  
1  mm 1330 277
1  mm 1314 283
1  mm 1305 287
1  mm 1293 292
1  mm 1286 295
1  mm 1283 297
1  mm 1277 300
1  mm 1274 302
1  mm 1271 305
1  mm 1271 313
1  mm 1274 322
1  mm 1279 334
1  mm 1284 339
1  mm 1287 342
1  mm 1291 345
1  mm 1296 347
1  mm 1299 347
1  mm 1303 346
1  mm 1308 345
1  mm 1310 343
1  mm 1316 342
1  mm 1321 340
1  mm 1324 339
1  mm 1328 337
1  mm 1331 336
2  mm 1332 335 mm 1334 335
1  mm 1338 333
1  mm 1339 330
1  mm 1342 328
1  mm 1345 326
1  mm 1348 325
1  mm 1351 323
0  
0  
0  
0  
0  
0  
0  
0  
0  
0  
0  
0  
1  mb 1 1 1351 323
0  
0  
0  
0  
0  
0  
0  
0  
0  
0  
0  
0  
0  
1  mb 1 0 1351 323
0  
0  
0  
0  
0  
0  
0  
0  
0  
0  
0  
0  
0  
0  
0  
0  
0  
0  
0  
0  
0  
0  
1 T 1523747569.435000 
0  
0  
0  
0  
0  
0  
0  
1  mm 1351 325
1  mm 1350 327
1  mm 1350 329
1  mm 1350 332
1  mm 1350 334
1  mm 1350 336
1  mm 1350 341
1  mm 1350 342
0  
0  
0  
0  
0  
0  
0  
0  
0  
0  
0  
1  mb 1 1 1350 342
0  
0  
0  
0  
0  
0  
0  
0  
0  
0  
0  
0  
1  mb 1 0 1350 342
0  
0  
0  
0  
0  
0  
0  
0  
0  
0  
0  
1  kd 100 1350 342
5 af 78 af 81 af 84 af 87 af 90 
3 af 79 af 83 af 88 
2 af 80 af 86 
2 af 82 af 91 
2 af 85 ku 100 1350 342
1 af 89 
0  
0  
0  
0  
0  
0  
1  kd 114 1350 342
6 af 92 af 95 af 98 af 101 af 104 af 107 
4 af 93 af 97 af 102 af 106 
3 af 94 af 100 af 108 
2 af 96 af 105 
1 af 99 
2 af 103 ku 114 1350 342
1 af 109 
1  kd 105 1350 342
1 af 110 
0  
1  ku 105 1350 342
0  
0  
0  
0  
0  
0  
0  
0  
0  
0  
0  
0  
0  
0  
0  
0  
0  
0  
0  
0  
0  
0  
0  
1 T 1523747571.035000 
0  
0  
0  
0  
0  
0  
0  
0  
0  
0  
0  
0  
0  
1  kd 8 1350 342
0  
0  
1  ku 8 1350 342
0  
0  
0  
0  
0  
0  
0  
0  
0  
0  
0  
1  kd 111 1350 342
1 af 111 
0  
0  
0  
0  
0  
0  
1  kd 109 1350 342
1  ku 111 1350 342
0  
1  ku 109 1350 342
0  
0  
0  
0  
0  
0  
0  
0  
0  
0  
0  
0  
0  
0  
0  
0  
0  
0  
0  
0  
0  
0  
0  
0  
0  
0  
0  
0  
0  
0  
0  
0  
0  
0  
0  
0  
0  
0  
0  
0  
0  
0  
0  
0  
0  
1  mm 1350 345
1  mm 1350 349
1  mm 1350 352
1  mm 1349 358
1  mm 1349 364
1  mm 1349 369
1  mm 1349 377
1  mm 1349 380
1  mm 1349 385
1  mm 1349 390
1  mm 1349 393
1  mm 1351 397
1  mm 1351 400
1  mm 1352 404
2 T 1523747572.636000 mm 1354 414
1  mm 1356 423
1  mm 1357 429
1  mm 1359 441
1  mm 1359 448
1  mm 1359 452
1  mm 1359 456
1  mm 1359 458
1  mm 1359 461
1  mm 1359 462
1  mm 1359 464
1  mm 1359 465
0  
0  
0  
0  
0  
0  
0  
0  
0  
0  
0  
0  
0  
0  
1  mb 1 1 1359 465
0  
0  
0  
0  
0  
0  
0  
0  
0  
0  
0  
0  
0  
1  mb 1 0 1359 465
0  
0  
0  
0  
0  
0  
0  
0  
0  
0  
0  
0  
0  
0  
0  
0  
0  
0  
0  
0  
0  
0  
0  
0  
0  
0  
0  
0  
0  
0  
0  
0  
0  
0  
0  
0  
0  
0  
0  
0  
0  
0  
0  
0  
0  
0  
0  
0  
0  
0  
0  
0  
0  
0  
0  
0  
0  
0  
0  
1 T 1523747574.237000 
0  
0  
0  
0  
0  
0  
0  
0  
0  
0  
0  
0  
0  
0  
0  
0  
0  
0  
0  
0  
0  
0  
0  
1  mm 1357 475
1  mm 1349 488
1  mm 1336 511
1  mm 1314 537
1  mm 1301 552
1  mm 1286 567
1  mm 1265 585
1  mm 1250 600
1  mm 1239 610
1  mm 1219 624
1  mm 1208 631
1  mm 1182 648
1  mm 1166 656
1  mm 1152 666
1  mm 1133 676
1  mm 1124 681
1  mm 1113 687
1  mm 1100 696
1  mm 1091 703
1  mm 1082 708
1  mm 1068 716
1  mm 1059 721
1  mm 1051 726
1  mm 1044 731
1  mm 1039 734
1  mm 1033 738
1  mm 1030 741
1  mm 1029 743
1  mm 1026 744
1  mm 1024 744
1  mm 1023 746
1  mm 1021 746
1  mm 1020 746
0  
0  
0  
0  
0  
0  
0  
0  
0  
0  
0  
0  
0  
0  
0  
0  
0  
0  
0  
0  
0  
0  
0  
0  
0  
0  
0  
0  
0  
0  
0  
0  
0  
0  
0  
0  
0  
0  
0  
0  
0  
0  
0  
1 T 1523747575.836000 
0  
0  
0  
0  
0  
0  
0  
0  
0  
0  
0  
0  
0  
0  
0  
0  
0  
0  
0  
0  
0  
0  
0  
0  
0  
0  
0  
0  
0  
0  
0  
0  
0  
0  
0  
0  
0  
0  
0  
0  
0  
0  
0  
0  
0  
0  
0  
0  
0  
0  
0  
0  
0  
0  
0  
0  
0  
0  
0  
0  
0  
0  
0  
0  
0  
0  
0  
0  
0  
0  
0  
0  
0  
0  
0  
0  
0  
0  
0  
0  
0  
0  
0  
0  
0  
0  
0  
0  
0  
0  
0  
0  
0  
0  
0  
0  
0  
0  
0  
1 T 1523747577.438000 
0  
0  
0  
0  
0  
0  
0  
0  
0  
0  
0  
0  
0  
0  
0  
0  
0  
0  
0  
0  
0  
0  
0  
0  
0  
0  
0  
0  
0  
0  
0  
0  
0  
0  
0  
0  
0  
0  
0  
0  
0  
0  
0  
0  
0  
0  
0  
0  
0  
0  
0  
0  
0  
0  
0  
0  
0  
0  
0  
0  
0  
0  
0  
0  
0  
0  
0  
0  
0  
0  
0  
0  
0  
0  
0  
0  
0  
0  
0  
0  
0  
0  
0  
0  
0  
0  
0  
0  
0  
0  
0  
0  
0  
0  
0  
0  
0  
0  
0  
1 T 1523747579.037000 
0  
0  
0  
0  
0  
0  
0  
0  
0  
0  
0  
0  
0  
0  
0  
0  
0  
0  
0  
0  
0  
0  
0  
0  
0  
0  
0  
0  
0  
0  
0  
0  
0  
0  
0  
0  
0  
0  
0  
0  
0  
0  
0  
0  
0  
0  
0  
0  
0  
0  
0  
0  
0  
0  
0  
0  
0  
0  
0  
0  
0  
0  
0  
0  
0  
0  
0  
0  
0  
0  
0  
0  
0  
0  
0  
0  
0  
0  
0  
0  
0  
0  
0  
0  
0  
0  
0  
0  
0  
0  
0  
0  
0  
0  
1  mm 1055 726
1  mm 1120 686
1  mm 1150 668
1  mm 1197 643
1  mm 1226 631
2 T 1523747580.638000 mm 1249 622
1  mm 1267 614
1  mm 1272 612
1  mm 1275 611
1  mm 1279 609
1  mm 1282 608
1  mm 1286 607
1  mm 1291 605
1  mm 1297 603
1  mm 1303 602
1  mm 1308 600
1  mm 1312 599
1  mm 1315 598
1  mm 1316 596
1  mm 1318 595
1  mm 1319 593
1  mm 1321 590
1  mm 1324 588
1  mm 1326 585
1  mm 1331 580
1  mm 1334 579
1  mm 1337 575
1  mm 1343 568
1  mm 1347 565
1  mm 1350 563
1  mm 1353 558
1  mm 1356 557
0  
0  
0  
0  
0  
0  
0  
0  
0  
0  
0  
0  
1  mb 1 1 1356 557
0  
0  
0  
0  
0  
0  
0  
0  
0  
0  
0  
0  
0  
1  mb 1 0 1356 557
0  
0  
0  
0  
0  
0  
0  
0  
0  
0  
0  
0  
0  
0  
0  
0  
0  
0  
0  
0  
0  
0  
0  
0  
0  
0  
0  
0  
0  
0  
0  
0  
0  
0  
0  
0  
0  
0  
0  
0  
0  
0  
0  
0  
0  
0  
2 T 1523747582.238000 mm 1356 559
1  mm 1359 565
1  mm 1359 567
1  mm 1362 573
1  mm 1362 580
1  mm 1362 584
1  mm 1362 590
1  mm 1362 593
1  mm 1362 597
1  mm 1362 600
1  mm 1362 603
1  mm 1362 606
1  mm 1363 607
0  
0  
0  
0  
0  
0  
0  
0  
0  
0  
0  
0  
0  
0  
1  mb 1 1 1363 607
0  
0  
0  
0  
0  
0  
0  
0  
0  
0  
0  
0  
1  mb 1 0 1363 607
0  
0  
0  
0  
0  
0  
0  
0  
0  
0  
0  
0  
0  
0  
0  
0  
0  
0  
0  
0  
0  
0  
0  
1  mm 1365 617
1  mm 1369 636
1  mm 1370 647
1  mm 1372 655
1  mm 1372 659
1  mm 1372 661
1  mm 1372 665
1  mm 1372 666
1  mm 1372 668
0  
0  
0  
0  
0  
0  
0  
0  
0  
0  
0  
0  
0  
0  
1  mb 1 1 1372 668
0  
0  
0  
0  
0  
0  
0  
0  
0  
0  
0  
0  
2 T 1523747583.839000 mb 1 0 1372 668
0  
0  
0  
0  
0  
0  
0  
0  
0  
0  
0  
0  
0  
0  
1  mm 1378 677
1  mm 1383 686
1  mm 1390 693
1  mm 1395 699
1  mm 1396 704
1  mm 1401 708
1  mm 1403 709
1  mm 1405 712
1  mm 1406 715
1  mm 1408 716
1  mm 1409 716
1  mm 1411 719
1  mm 1412 719
1  mm 1412 721
1  mm 1412 722
0  
0  
1  mm 1413 722
0  
0  
0  
0  
0  
0  
0  
0  
0  
0  
0  
0  
0  
0  
0  
0  
0  
0  
0  
0  
1  mm 1415 723
1  mm 1416 725
1  mm 1416 726
1  mm 1416 728
0  
1  mm 1416 729
0  
0  
0  
0  
0  
0  
0  
0  
0  
0  
0  
0  
0  
0  
0  
0  
0  
0  
0  
0  
0  
1  mb 1 1 1416 729
0  
0  
0  
0  
0  
0  
0  
0  
0  
0  
0  
0  
1  mb 1 0 1416 729
1 af 112 
1 af 113 
0  
0  
0  
0  
1 T 1523747585.439000 
0  
0  
0  
0  
0  
0  
0  
0  
0  
0  
0  
0  
0  
0  
0  
1  mm 1412 729
1  mm 1397 728
1  mm 1381 728
1  mm 1375 728
1  mm 1370 728
1  mm 1365 728
1  mm 1362 728
1  mm 1356 728
1  mm 1351 728
1  mm 1350 728
1  mm 1346 727
1  mm 1344 725
1  mm 1343 721
1  mm 1341 718
1  mm 1340 710
1  mm 1336 687
1  mm 1336 666
1  mm 1334 642
1  mm 1335 601
1  mm 1337 586
1  mm 1337 580
1  mm 1337 577
1  mm 1337 574
1  mm 1337 571
1  mm 1339 570
1  mm 1340 568
1  mm 1341 565
1  mm 1341 563
0  
0  
0  
0  
0  
0  
0  
0  
0  
0  
0  
0  
0  
0  
0  
0  
1  mb 1 1 1341 563
0  
0  
0  
0  
0  
0  
0  
0  
0  
0  
0  
0  
1  mb 1 0 1341 563
1 af 114 
2 af 114 af 115 
0  
0  
0  
0  
0  
0  
0  
0  
0  
0  
0  
0  
1  mm 1341 549
1  mm 1341 531
1  mm 1341 518
1  mm 1341 504
1  mm 1341 498
1  mm 1341 494
1  mm 1341 491
1  mm 1341 487
0  
1  mm 1341 485
1  mm 1341 484
1  mm 1341 482
2 T 1523747587.038000 mm 1343 481
1  mm 1343 480
1  mm 1343 478
1  mm 1343 477
1  mm 1344 475
1  mm 1344 474
0  
0  
0  
0  
0  
0  
0  
0  
0  
0  
0  
0  
0  
0  
0  
0  
1  mb 1 1 1344 474
0  
0  
0  
0  
0  
0  
0  
0  
0  
0  
0  
0  
1  mb 1 0 1344 474
0  
0  
0  
0  
0  
0  
0  
0  
0  
0  
0  
0  
0  
0  
0  
0  
0  
0  
0  
0  
0  
0  
0  
0  
0  
0  
1  mm 1344 463
1  mm 1348 440
1  mm 1348 429
1  mm 1352 413
1  mm 1352 408
1  mm 1352 405
1  mm 1352 401
1  mm 1352 398
1  mm 1352 397
1  mm 1352 396
1  mm 1352 394
1  mm 1353 394
0  
0  
0  
0  
0  
0  
0  
0  
0  
0  
0  
0  
0  
0  
0  
0  
0  
0  
0  
0  
1  mb 1 1 1353 394
0  
0  
0  
0  
0  
1 T 1523747588.638000 
0  
0  
0  
0  
0  
0  
0  
1  mb 1 0 1353 394
0  
0  
0  
0  
0  
0  
0  
0  
0  
0  
0  
0  
0  
0  
0  
0  
0  
1  mm 1353 402
1  mm 1355 430
1  mm 1355 445
1  mm 1355 458
1  mm 1355 474
1  mm 1355 483
1  mm 1355 493
1  mm 1355 499
1  mm 1355 504
1  mm 1355 515
1  mm 1353 522
1  mm 1351 532
1  mm 1351 538
1  mm 1351 546
1  mm 1348 559
1  mm 1348 567
1  mm 1348 576
1  mm 1346 590
1  mm 1346 594
1  mm 1346 602
1  mm 1346 606
1  mm 1346 611
1  mm 1346 615
1  mm 1346 620
1  mm 1346 627
1  mm 1346 632
1  mm 1346 638
1  mm 1346 646
1  mm 1346 650
1  mm 1346 656
1  mm 1344 664
1  mm 1343 669
1  mm 1342 676
1  mm 1342 681
1  mm 1340 687
1  mm 1338 693
1  mm 1337 696
1  mm 1336 700
1  mm 1334 706
1  mm 1333 709
1  mm 1331 714
1  mm 1330 720
1  mm 1328 721
1  mm 1327 725
1  mm 1325 728
1  mm 1324 730
1  mm 1323 732
1  mm 1321 735
1  mm 1320 737
1  mm 1318 741
1  mm 1317 742
0  
0  
0  
0  
0  
0  
0  
0  
0  
0  
0  
0  
0  
0  
0  
0  
0  
0  
0  
0  
0  
0  
0  
1 T 1523747590.239000 
1  mb 1 1 1317 742
0  
0  
0  
0  
0  
0  
0  
0  
0  
0  
0  
0  
1  mb 1 0 1317 742
0  
0  
0  
0  
0  
0  
0  
0  
0  
0  
0  
0  
0  
1  mm 1318 721
1  mm 1321 680
1  mm 1321 623
1  mm 1321 590
2  mm 1321 562 mm 1321 555
1  mm 1321 542
1  mm 1323 533
1  mm 1324 519
1  mm 1324 513
1  mm 1326 506
1  mm 1327 499
1  mm 1327 492
1  mm 1329 490
1  mm 1330 484
1  mm 1332 481
1  mm 1332 475
0  
0  
0  
0  
0  
0  
0  
0  
0  
0  
0  
0  
0  
0  
1  mb 1 1 1332 475
0  
0  
0  
0  
0  
0  
0  
0  
0  
0  
0  
0  
0  
1  mb 1 0 1332 475
0  
0  
0  
0  
0  
0  
0  
0  
0  
0  
0  
0  
0  
0  
0  
0  
0  
0  
0  
0  
0  
1  mm 1332 489
1  mm 1332 496
1  mm 1332 500
1  mm 1332 504
1  mm 1333 509
1  mm 1333 513
2 T 1523747591.839000 mm 1335 516
1  mm 1335 519
1  mm 1335 522
1  mm 1335 525
1  mm 1335 527
0  
1  mm 1335 529
1  mm 1335 530
0  
0  
1  mm 1336 530
0  
0  
0  
0  
0  
0  
0  
0  
0  
0  
0  
0  
0  
0  
0  
0  
0  
0  
0  
0  
0  
0  
0  
0  
0  
0  
0  
0  
0  
0  
0  
0  
0  
0  
0  
0  
0  
0  
0  
0  
0  
0  
0  
0  
0  
0  
0  
0  
0  
0  
0  
0  
0  
0  
0  
0  
0  
0  
0  
0  
0  
0  
0  
0  
0  
0  
0  
0  
0  
0  
0  
0  
0  
0  
0  
0  
0  
0  
0  
0  
0  
0  
0  
0  
0  
0  
0  
0  
0  
1 T 1523747593.439000 
0  
0  
0  
0  
0  
0  
0  
0  
0  
0  
0  
0  
0  
0  
0  
0  
0  
0  
0  
0  
0  
0  
0  
0  
0  
0  
0  
0  
0  
0  
0  
0  
0  
0  
0  
0  
0  
0  
0  
0  
0  
0  
0  
0  
0  
0  
0  
0  
0  
0  
0  
0  
0  
0  
0  
0  
0  
0  
0  
0  
0  
0  
0  
0  
0  
0  
0  
0  
0  
0  
0  
0  
0  
0  
0  
0  
0  
0  
0  
0  
0  
0  
0  
0  
0  
0  
0  
0  
0  
0  
0  
0  
0  
0  
0  
0  
0  
0  
0  
1 T 1523747595.039000 
0  
0  
0  
0  
0  
0  
0  
0  
0  
0  
0  
0  
0  
0  
0  
0  
1  mm 1334 530
1  mm 1321 530
1  mm 1297 530
1  mm 1247 527
1  mm 1163 514
1  mm 996 490
1  mm 840 466
1  mm 793 463
1  mm 762 461
1  mm 748 456
1  mm 745 454
1  mm 743 453
1  mm 741 450
1  mm 739 447
1  mm 738 443
1  mm 738 435
0  
0  
0  
0  
0  
0  
0  
0  
0  
0  
0  
0  
0  
0  
0  
0  
0  
0  
0  
1  mm 688 407
1  mm 504 322
1  mm 471 307
1  mm 441 301
1  mm 430 299
1  mm 423 297
1  mm 419 297
1  mm 416 297
1  mm 415 297
1  mm 413 297
0  
0  
0  
0  
0  
0  
0  
0  
0  
0  
0  
0  
0  
0  
0  
0  
0  
0  
0  
0  
0  
0  
0  
1  mm 409 297
1  mm 396 298
1  mm 386 300
1  mm 379 300
1  mm 373 300
1  mm 368 301
1  mm 364 301
1  mm 360 301
1  mm 357 301
1  mm 355 301
1  mm 354 301
1  mm 353 301
0  
1  mm 353 303
1  mm 351 304
1 T 1523747596.640000 
0  
0  
0  
0  
0  
0  
0  
0  
0  
0  
0  
0  
0  
0  
0  
0  
0  
0  
0  
0  
0  
0  
0  
0  
0  
0  
0  
0  
0  
0  
0  
0  
0  
0  
0  
0  
0  
0  
0  
0  
0  
0  
0  
0  
0  
0  
0  
0  
0  
0  
0  
0  
0  
0  
0  
0  
0  
0  
0  
0  
0  
0  
0  
0  
0  
0  
0  
0  
0  
0  
0  
0  
0  
0  
0  
0  
0  
0  
0  
0  
0  
0  
0  
0  
0  
0  
0  
0  
0  
0  
0  
0  
1  sd 117 351 304
0  
0  
0  
0  
0  
0  
1 T 1523747598.242000 
0  
0  
2 v su 117 351 304
1 v 
1 v 
1 v 
1 v 
1 v 
1 v 
1 v 
1 v 
1 v 
1 v 
1 v 
1 v 
0  
1  mm 869 504
1  mm 877 506
1  mm 891 510
1  mm 893 511
1  mm 894 512
0  
0  
1  mm 894 514
1  mm 894 515
1  mm 894 517
0  
0  
0  
0  
0  
0  
0  
0  
0  
0  
0  
0  
0  
0  
0  
0  
0  
0  
0  
0  
0  
0  
0  
0  
0  
0  
0  
0  
0  
0  
0  
0  
0  
0  
0  
0  
0  
0  
0  
1  kd 27 894 517
0  
0  
0  
0  
0  
0  
1  ku 27 894 517
0  
0  
0  
0  
0  
0  
0  
0  
0  
0  
0  
0  
0  
0  
0  
0  
0  
0  
0  
1  mm 928 497
1  mm 968 473
1  mm 1100 409
1  mm 1152 387
1  mm 1171 381
1  mm 1210 371
1  mm 1248 366
2 T 1523747601.284000 mm 1272 364
1  mm 1285 364
1  mm 1289 364
1  mm 1295 362
1  mm 1303 362
1  mm 1306 362
1  mm 1314 361
1  mm 1318 361
1  mm 1323 361
1  mm 1328 361
1  mm 1331 361
1  mm 1334 361
1  mm 1336 361
1  mm 1337 363
1  mm 1337 366
1  mm 1337 368
1  mm 1337 371
2  mm 1337 373 mm 1337 374
1  mm 1337 376
1  mm 1337 377
1  mm 1337 378
1  mm 1337 381
1  mm 1338 384
1  mm 1340 387
1  mm 1341 387
0  
0  
0  
0  
0  
0  
0  
0  
0  
0  
0  
0  
0  
0  
1  mb 1 1 1341 387
0  
0  
0  
0  
0  
0  
0  
0  
0  
0  
0  
0  
0  
1  mb 1 0 1341 387
0  
0  
0  
0  
0  
0  
0  
0  
0  
0  
0  
0  
0  
0  
0  
0  
0  
0  
0  
0  
0  
0  
0  
0  
0  
0  
0  
1  mm 1341 388
1  mm 1341 393
1  mm 1341 402
1  mm 1343 415
1  mm 1345 426
1  mm 1347 442
1  mm 1348 449
1  mm 1352 457
1  mm 1352 460
1  mm 1352 464
1  mm 1352 467
1  mm 1352 470
1  mm 1352 471
0  
0  
0  
0  
0  
0  
1 T 1523747602.887000 
0  
0  
0  
0  
0  
0  
0  
0  
1  mb 1 1 1352 471
0  
0  
0  
0  
0  
0  
0  
0  
0  
0  
0  
0  
0  
1  mb 1 0 1352 471
0  
0  
0  
0  
0  
0  
0  
0  
0  
0  
0  
0  
0  
0  
0  
0  
0  
0  
0  
0  
0  
0  
0  
0  
0  
1  mm 1352 480
1  mm 1352 488
1  mm 1352 499
1  mm 1352 517
1  mm 1352 528
1  mm 1352 539
1  mm 1352 546
1  mm 1352 550
1  mm 1352 558
1  mm 1352 561
1  mm 1352 567
1  mm 1352 571
1  mm 1352 575
1  mm 1352 583
1  mm 1352 589
1  mm 1352 592
1  mm 1353 598
1  mm 1353 600
1  mm 1353 604
1  mm 1354 605
1  mm 1354 608
0  
0  
0  
0  
0  
0  
0  
0  
0  
0  
0  
0  
0  
0  
1  mb 1 1 1354 608
0  
0  
0  
0  
0  
0  
0  
0  
0  
0  
0  
0  
0  
1  mb 1 0 1354 608
0  
1 T 1523747604.488000 
0  
0  
0  
0  
0  
0  
0  
0  
0  
0  
0  
0  
0  
0  
0  
0  
0  
0  
0  
0  
0  
0  
0  
0  
0  
0  
0  
0  
0  
0  
0  
0  
1  mm 1354 604
1  mm 1356 594
1  mm 1356 580
1  mm 1356 571
1  mm 1356 561
1  mm 1358 557
1  mm 1358 552
1  mm 1358 550
1  mm 1358 545
1  mm 1358 542
1  mm 1357 535
0  
0  
0  
0  
0  
0  
0  
0  
0  
0  
1  mb 1 1 1357 535
0  
0  
0  
0  
0  
0  
0  
0  
0  
0  
0  
0  
1  mb 1 0 1357 535
0  
0  
0  
0  
0  
0  
0  
0  
0  
0  
0  
0  
0  
0  
0  
0  
0  
0  
0  
0  
0  
0  
0  
0  
0  
1  mm 1357 524
1  mm 1360 510
1  mm 1361 501
1  mm 1363 493
1  mm 1364 490
1  mm 1366 485
1  mm 1367 480
2 T 1523747606.089000 mm 1368 477
1  mm 1368 474
1  mm 1370 472
1  mm 1371 469
0  
0  
0  
0  
0  
0  
0  
0  
0  
0  
0  
0  
1  mb 1 1 1371 469
0  
0  
0  
0  
0  
0  
0  
0  
0  
0  
0  
0  
1  mb 1 0 1371 469
0  
0  
0  
0  
0  
0  
0  
0  
0  
0  
0  
0  
1  mm 1369 474
1  mm 1364 484
1  mm 1363 489
1  mm 1361 495
1  mm 1359 501
1  mm 1358 505
1  mm 1357 511
1  mm 1355 514
1  mm 1355 519
1  mm 1354 524
1  mm 1352 527
1  mm 1351 532
1  mm 1351 533
0  
0  
0  
0  
0  
0  
0  
0  
0  
0  
0  
1  mb 1 1 1351 533
0  
0  
0  
0  
0  
0  
0  
0  
0  
0  
0  
0  
1  mb 1 0 1351 533
0  
0  
0  
0  
0  
0  
0  
0  
0  
0  
1  mm 1351 545
1  mm 1352 558
1  mm 1354 571
1  mm 1355 583
1  mm 1357 590
1  mm 1357 593
1  mm 1359 599
1  mm 1359 601
1  mm 1359 604
1  mm 1359 607
1 T 1523747607.690000 
0  
0  
0  
0  
0  
0  
0  
0  
0  
0  
1  mb 1 1 1359 607
0  
0  
0  
0  
0  
0  
0  
0  
0  
0  
0  
0  
1  mb 1 0 1359 607
0  
0  
0  
0  
0  
0  
0  
0  
0  
0  
0  
0  
0  
0  
1  mm 1366 622
1  mm 1376 644
1  mm 1382 655
1  mm 1385 664
1  mm 1392 675
1  mm 1395 677
1  mm 1397 682
1  mm 1401 688
1  mm 1402 691
1  mm 1407 697
1  mm 1410 698
1  mm 1414 701
1  mm 1417 705
1  mm 1420 707
1  mm 1421 710
1  mm 1423 713
1  mm 1424 715
1  mm 1427 721
1  mm 1427 724
1  mm 1429 727
1  mm 1430 731
1  mm 1430 733
1  mm 1430 734
1  mm 1430 736
0  
0  
0  
0  
0  
0  
0  
0  
0  
1  mb 1 1 1430 736
0  
0  
0  
0  
0  
0  
0  
0  
0  
0  
0  
0  
0  
1  mb 1 0 1430 736
1 af 116 
1 af 117 
0  
0  
0  
0  
0  
0  
0  
0  
0  
0  
0  
1 T 1523747609.289000 
0  
0  
0  
0  
0  
0  
0  
0  
0  
0  
0  
0  
0  
1  mm 1424 713
1  mm 1400 638
1  mm 1390 599
1  mm 1386 588
1  mm 1383 580
1  mm 1382 577
1  mm 1380 575
1  mm 1379 571
1  mm 1377 570
1  mm 1376 567
1  mm 1375 567
1  mm 1373 566
1  mm 1372 564
1  mm 1372 563
1  mm 1372 561
1  mm 1372 560
1  mm 1372 558
1  mm 1372 556
0  
0  
1  mm 1370 556
0  
0  
0  
0  
0  
0  
0  
0  
0  
1  mb 1 1 1370 556
0  
0  
0  
0  
0  
0  
0  
0  
0  
0  
0  
0  
1  mb 1 0 1370 556
0  
0  
0  
0  
0  
0  
0  
0  
0  
0  
0  
0  
0  
0  
0  
0  
1  mm 1370 541
1  mm 1370 526
1  mm 1370 510
1  mm 1370 503
1  mm 1370 499
1  mm 1370 493
1  mm 1370 490
1  mm 1370 486
1  mm 1370 484
1  mm 1370 482
1  mm 1371 479
0  
0  
0  
0  
0  
0  
0  
0  
0  
0  
0  
1  mb 1 1 1371 479
0  
0  
0  
1 T 1523747610.891000 
0  
0  
0  
0  
0  
0  
0  
0  
1  mb 1 0 1371 479
0  
0  
0  
0  
0  
0  
0  
0  
0  
0  
1  mm 1371 474
1  mm 1370 448
1  mm 1370 431
1  mm 1370 410
1  mm 1370 401
1  mm 1370 397
1  mm 1370 393
1  mm 1370 390
1  mm 1370 387
1  mm 1370 384
0  
0  
0  
0  
0  
0  
0  
0  
0  
0  
0  
0  
0  
0  
0  
0  
0  
0  
0  
0  
0  
1  mm 1370 387
1  mm 1370 392
1  mm 1370 395
1  mm 1370 398
1  mm 1370 400
1  mm 1370 405
1  mm 1370 406
1  mm 1370 409
1  mm 1370 410
0  
0  
0  
0  
0  
0  
0  
0  
0  
0  
0  
0  
1  mb 1 1 1370 410
0  
0  
0  
0  
0  
0  
0  
0  
0  
0  
0  
0  
1  mb 1 0 1370 410
0  
0  
0  
0  
0  
0  
0  
0  
0  
0  
0  
0  
0  
1  mm 1370 417
2 T 1523747612.490000 mm 1370 444
1  mm 1374 485
1  mm 1376 516
1  mm 1378 529
1  mm 1378 539
1  mm 1378 543
1  mm 1378 548
1  mm 1379 552
1  mm 1380 557
1  mm 1382 563
1  mm 1382 565
1  mm 1384 572
1  mm 1384 578
1  mm 1384 582
1  mm 1384 590
1  mm 1384 596
1  mm 1384 601
1  mm 1384 608
1  mm 1384 613
1  mm 1384 615
1  mm 1384 618
1  mm 1384 620
1  mm 1384 621
0  
0  
0  
0  
0  
0  
0  
0  
0  
1  mb 1 1 1384 621
0  
0  
0  
0  
0  
0  
0  
0  
0  
0  
0  
0  
0  
1  mb 1 0 1384 621
0  
0  
0  
0  
0  
0  
0  
0  
0  
0  
0  
0  
0  
0  
0  
0  
0  
0  
0  
0  
0  
0  
0  
0  
0  
0  
0  
0  
0  
0  
0  
0  
0  
0  
0  
1  mm 1383 617
1  mm 1381 606
1  mm 1377 593
1  mm 1376 583
1  mm 1374 579
1  mm 1373 573
1  mm 1373 571
1  mm 1373 568
1  mm 1373 566
0  
0  
1  mm 1373 560
1  mm 1373 555
1  mm 1373 551
1  mm 1373 548
1  mm 1373 542
1  mm 1373 539
1  mm 1373 534
2 T 1523747614.090000 mm 1373 529
1  mm 1373 526
1  mm 1373 523
1  mm 1373 521
1  mm 1373 518
1  mm 1373 516
1  mm 1373 515
1  mm 1373 513
1  mm 1373 512
0  
1  mm 1373 511
0  
0  
0  
0  
1  mm 1375 509
0  
0  
0  
0  
0  
0  
0  
0  
0  
0  
0  
0  
0  
0  
0  
0  
0  
0  
0  
0  
0  
0  
0  
0  
0  
0  
0  
0  
0  
0  
0  
0  
0  
0  
0  
0  
0  
0  
0  
0  
0  
0  
0  
0  
0  
0  
0  
0  
0  
0  
0  
0  
0  
0  
0  
0  
0  
0  
0  
0  
0  
0  
0  
0  
0  
0  
0  
0  
0  
0  
0  
0  
0  
0  
0  
0  
0  
0  
0  
0  
0  
0  
0  
0  
1 T 1523747615.690000 
0  
0  
0  
0  
0  
0  
0  
0  
0  
0  
1  mm 1375 508
1  mm 1376 505
1  mm 1377 500
1  mm 1379 498
1  mm 1380 496
0  
0  
0  
0  
0  
0  
0  
0  
0  
0  
0  
0  
1  mb 1 1 1380 496
0  
0  
0  
0  
0  
0  
0  
0  
0  
0  
0  
0  
1  mb 1 0 1380 496
0  
0  
0  
0  
0  
0  
0  
0  
0  
0  
0  
0  
0  
0  
0  
0  
0  
0  
0  
0  
0  
0  
0  
0  
0  
0  
0  
0  
0  
0  
0  
0  
0  
0  
0  
0  
0  
0  
0  
0  
0  
0  
0  
0  
0  
0  
0  
0  
0  
0  
0  
0  
1  mm 1379 482
1  mm 1377 466
1  mm 1377 454
1  mm 1377 450
1  mm 1377 447
1  mm 1376 441
2 T 1523747617.291000 mm 1375 439
1  mm 1375 435
1  mm 1375 432
1  mm 1375 430
1  mm 1375 427
0  
0  
0  
0  
0  
0  
0  
0  
0  
0  
0  
0  
1  mb 1 1 1375 427
0  
0  
0  
0  
0  
0  
0  
0  
0  
0  
0  
0  
1  mb 1 0 1375 427
0  
0  
0  
0  
0  
0  
0  
0  
0  
0  
0  
0  
0  
0  
0  
0  
0  
0  
0  
0  
0  
0  
0  
0  
0  
0  
0  
0  
0  
0  
0  
0  
0  
0  
0  
0  
0  
0  
0  
0  
0  
0  
0  
1  mm 1375 429
1  mm 1375 435
1  mm 1375 442
1  mm 1375 449
1  mm 1375 454
1  mm 1375 458
1  mm 1375 461
1  mm 1375 462
1  mm 1375 465
1  mm 1375 467
1  mm 1375 468
1  mm 1375 469
0  
0  
0  
0  
0  
0  
1  mm 1375 471
0  
1  mm 1373 471
1  mm 1372 474
1  mm 1370 478
1  mm 1369 487
1  mm 1360 514
1  mm 1349 562
2 T 1523747618.891000 mm 1327 654
1  mm 1325 681
1  mm 1323 699
1  mm 1321 716
1  mm 1321 720
2  mm 1321 725 mm 1321 726
1  mm 1321 727
1  mm 1321 730
0  
1  mm 1321 733
1  mm 1321 735
0  
0  
0  
0  
0  
0  
0  
0  
0  
0  
0  
0  
0  
0  
0  
0  
0  
0  
0  
0  
0  
0  
0  
0  
0  
0  
0  
0  
1  mb 1 1 1321 735
0  
0  
0  
0  
0  
0  
0  
0  
0  
0  
0  
0  
1  mb 1 0 1321 735
1 af 118 
0  
0  
0  
0  
0  
0  
0  
0  
0  
0  
1  mm 1329 695
2  mm 1334 664 mm 1336 653
1  mm 1338 638
1  mm 1340 629
1  mm 1341 622
1  mm 1343 616
1  mm 1344 612
1  mm 1347 608
1  mm 1347 603
1  mm 1350 597
1  mm 1350 594
1  mm 1350 591
1  mm 1350 587
1  mm 1353 586
0  
0  
0  
0  
0  
0  
0  
0  
0  
1  mb 1 1 1353 586
0  
0  
0  
0  
0  
0  
0  
0  
0  
0  
0  
0  
1 T 1523747620.491000 
1  mb 1 0 1353 586
0  
0  
0  
0  
0  
0  
0  
0  
0  
0  
0  
0  
0  
0  
0  
0  
0  
0  
0  
0  
0  
0  
0  
0  
0  
0  
1  mm 1353 579
1  mm 1355 573
1  mm 1356 565
1  mm 1356 560
1  mm 1356 556
1  mm 1358 552
1  mm 1358 550
1  mm 1361 544
1  mm 1362 538
0  
0  
0  
0  
0  
0  
0  
0  
0  
0  
0  
0  
1  mb 1 1 1362 538
0  
0  
0  
0  
0  
0  
0  
0  
0  
0  
0  
0  
1  mb 1 0 1362 538
0  
0  
0  
0  
0  
0  
0  
0  
0  
0  
0  
0  
0  
0  
0  
0  
0  
0  
0  
0  
0  
0  
0  
0  
0  
0  
0  
0  
0  
1  mm 1362 537
1  mm 1364 529
1  mm 1364 523
1  mm 1364 517
1  mm 1364 516
1  mm 1365 511
1  mm 1366 508
1  mm 1366 501
2 T 1523747622.092000 mm 1368 496
1  mm 1370 486
1  mm 1370 480
1  mm 1370 474
1  mm 1370 464
1  mm 1370 459
1  mm 1370 452
1  mm 1370 449
1  mm 1370 446
1  mm 1370 442
1  mm 1370 440
1  mm 1370 439
1  mm 1370 437
1  mm 1370 436
1  mm 1370 435
0  
0  
0  
0  
0  
0  
0  
0  
0  
0  
0  
0  
0  
0  
0  
0  
1  mb 1 1 1370 435
0  
0  
0  
0  
0  
0  
0  
0  
0  
0  
0  
0  
1  mb 1 0 1370 435
0  
0  
0  
0  
0  
0  
0  
0  
0  
0  
0  
0  
0  
0  
0  
0  
0  
0  
0  
0  
0  
0  
0  
0  
0  
0  
0  
0  
0  
0  
0  
0  
1  mm 1370 436
1  mm 1370 439
1  mm 1370 442
1  mm 1370 445
1  mm 1370 448
1  mm 1370 451
1  mm 1370 454
1  mm 1370 456
1  mm 1370 459
1  mm 1370 461
1  mm 1370 462
1  mm 1370 463
1  mm 1370 465
1  mm 1370 466
0  
0  
0  
0  
0  
0  
0  
0  
0  
1 T 1523747623.691000 
0  
0  
1  mb 1 1 1370 466
0  
0  
0  
0  
0  
0  
0  
0  
0  
0  
0  
0  
1  mb 1 0 1370 466
0  
0  
0  
0  
0  
0  
0  
0  
0  
0  
0  
0  
0  
0  
0  
0  
0  
0  
0  
0  
0  
0  
0  
0  
0  
0  
0  
0  
0  
0  
0  
0  
1  mm 1370 468
1  mm 1369 471
1  mm 1368 476
1  mm 1368 481
1  mm 1367 485
1  mm 1361 496
1  mm 1360 504
1  mm 1356 515
1  mm 1351 532
1  mm 1345 543
1  mm 1337 564
1  mm 1333 580
1  mm 1328 593
1  mm 1322 614
1  mm 1320 625
1  mm 1317 631
1  mm 1315 639
1  mm 1314 644
1  mm 1312 650
1  mm 1311 653
1  mm 1310 657
1  mm 1308 661
1  mm 1307 664
1  mm 1307 667
1  mm 1307 670
1  mm 1307 673
1  mm 1305 677
1  mm 1304 680
1  mm 1302 684
1  mm 1301 689
1  mm 1298 693
1  mm 1289 702
1  mm 1280 707
1  mm 1269 713
1  mm 1257 716
1  mm 1252 718
1  mm 1248 719
1  mm 1244 721
1  mm 1241 721
1  mm 1237 721
1  mm 1235 721
1  mm 1234 721
1  mm 1232 721
1  mm 1231 721
1  mm 1229 721
1  mm 1227 721
1  mm 1225 721
1  mm 1222 721
1  mm 1221 721
1  mm 1219 721
1  mm 1218 719
2 T 1523747625.293000 mm 1217 719
1  mm 1217 717
1  mm 1217 716
1  mm 1217 715
1  mm 1217 713
1  mm 1217 712
1  mm 1217 710
1  mm 1217 709
0  
0  
0  
0  
0  
0  
0  
0  
0  
0  
0  
0  
0  
0  
0  
0  
0  
0  
0  
1  mb 1 1 1217 709
0  
0  
0  
0  
0  
0  
0  
0  
0  
0  
0  
0  
0  
1  mb 1 0 1217 709
0  
0  
0  
0  
0  
0  
0  
0  
0  
0  
0  
0  
0  
0  
0  
0  
0  
0  
0  
0  
0  
0  
0  
0  
0  
0  
0  
0  
0  
0  
0  
0  
0  
0  
0  
0  
0  
0  
0  
0  
0  
0  
0  
0  
0  
0  
0  
0  
0  
0  
0  
0  
0  
0  
0  
0  
0  
0  
2 T 1523747626.893000 mb 1 1 1217 709
0  
0  
0  
0  
0  
0  
0  
0  
0  
0  
0  
0  
0  
1  mb 1 0 1217 709
0  
0  
0  
0  
0  
0  
0  
0  
0  
0  
0  
0  
0  
0  
0  
0  
0  
0  
0  
0  
0  
0  
0  
0  
1  mm 1227 688
1  mm 1239 662
1  mm 1248 639
1  mm 1263 611
1  mm 1269 597
1  mm 1278 587
1  mm 1281 580
1  mm 1284 575
1  mm 1289 569
1  mm 1294 566
1  mm 1297 563
1  mm 1303 560
1  mm 1307 559
1  mm 1311 557
1  mm 1316 557
1  mm 1319 558
1  mm 1323 559
1  mm 1324 562
1  mm 1327 565
1  mm 1330 568
1  mm 1333 572
1  mm 1336 573
1  mm 1339 578
1  mm 1340 578
1  mm 1341 579
1  mm 1343 580
1  mm 1344 582
0  
0  
0  
0  
0  
0  
0  
0  
0  
0  
0  
0  
0  
0  
0  
0  
0  
0  
0  
0  
0  
0  
0  
1  mm 1353 605
1  mm 1361 625
1  mm 1371 644
1  mm 1373 651
1  mm 1376 657
1  mm 1377 662
1  mm 1380 665
1  mm 1387 673
1  mm 1390 680
1  mm 1397 686
1  mm 1398 691
2 T 1523747628.494000 mm 1401 693
1  mm 1404 698
1  mm 1405 701
1  mm 1407 701
1  mm 1408 703
0  
0  
0  
0  
0  
0  
0  
0  
0  
0  
0  
0  
0  
0  
0  
0  
0  
0  
0  
0  
0  
0  
0  
1  mm 1408 705
1  mm 1411 709
1  mm 1414 711
1  mm 1415 712
1  mm 1417 713
1  mm 1418 715
1  mm 1419 716
1  mm 1419 718
1  mm 1421 718
1  mm 1422 718
0  
0  
0  
0  
0  
0  
0  
0  
0  
0  
0  
0  
0  
0  
0  
0  
0  
0  
0  
0  
0  
1  mm 1422 720
1  mm 1422 723
1  mm 1422 726
1  mm 1422 728
1  mm 1424 729
1  mm 1427 730
0  
0  
0  
0  
0  
0  
0  
0  
0  
0  
0  
0  
0  
1  mb 1 1 1427 730
0  
0  
0  
0  
0  
0  
0  
0  
0  
0  
0  
0  
0  
1  mb 1 0 1427 730
0  
0  
0  
0  
0  
0  
0  
1 T 1523747630.094000 
0  
0  
0  
0  
0  
0  
0  
0  
0  
1  mm 1399 692
1  mm 1370 655
1  mm 1354 638
1  mm 1343 623
1  mm 1340 620
1  mm 1334 614
1  mm 1329 609
1  mm 1323 604
1  mm 1311 597
1  mm 1297 590
1  mm 1284 584
1  mm 1265 580
1  mm 1258 578
1  mm 1247 577
1  mm 1240 575
1  mm 1233 573
1  mm 1226 572
1  mm 1223 572
1  mm 1218 570
0  
0  
0  
0  
0  
0  
0  
0  
0  
0  
0  
0  
0  
0  
0  
0  
0  
0  
0  
0  
1  mm 1090 531
1  mm 1041 509
1  mm 1025 501
1  mm 1006 495
1  mm 998 495
1  mm 989 494
1  mm 981 490
1  mm 976 490
1  mm 974 489
1  mm 971 488
1  mm 969 488
1  mm 968 488
1  mm 968 486
1  mm 968 485
1  mm 967 483
0  
0  
0  
0  
0  
0  
0  
0  
0  
0  
0  
0  
0  
0  
0  
0  
0  
0  
0  
0  
0  
0  
0  
0  
0  
0  
0  
0  
0  
0  
0  
0  
0  
0  
0  
0  
1 T 1523747631.694000 
0  
0  
0  
0  
0  
0  
0  
0  
0  
0  
0  
0  
0  
0  
0  
0  
0  
0  
0  
0  
0  
0  
0  
0  
0  
0  
0  
0  
0  
0  
0  
0  
0  
0  
0  
0  
0  
0  
0  
0  
0  
0  
0  
0  
0  
0  
0  
0  
0  
0  
0  
0  
0  
0  
0  
0  
0  
0  
0  
0  
0  
0  
0  
0  
0  
0  
0  
0  
0  
0  
0  
0  
0  
0  
0  
0  
0  
0  
0  
0  
0  
0  
0  
0  
0  
0  
0  
0  
0  
0  
0  
0  
0  
0  
0  
0  
0  
0  
0  
1 T 1523747633.293000 
0  
0  
0  
0  
0  
0  
0  
0  
0  
0  
0  
0  
0  
0  
0  
0  
0  
0  
0  
0  
0  
0  
0  
0  
0  
0  
0  
0  
0  
0  
0  
0  
0  
0  
0  
0  
0  
0  
0  
0  
0  
0  
0  
0  
0  
0  
0  
0  
0  
0  
0  
1  mm 967 484
1  mm 965 485
1  mm 964 487
1  mm 961 488
1  mm 958 492
1  mm 955 494
1  mm 951 498
1  mm 949 501
1  mm 947 502
1  mm 944 505
1  mm 941 506
1  mm 939 508
1  mm 938 509
1  mm 937 511
1  mm 935 512
0  
0  
0  
0  
0  
0  
1  mm 935 514
0  
0  
0  
0  
0  
0  
0  
0  
0  
0  
0  
0  
0  
0  
0  
0  
0  
0  
0  
0  
0  
0  
0  
0  
0  
0  
1 T 1523747634.894000 
0  
0  
0  
0  
0  
0  
0  
0  
0  
0  
0  
0  
0  
0  
0  
0  
0  
0  
0  
0  
0  
0  
0  
0  
0  
0  
0  
0  
0  
0  
0  
0  
0  
0  
0  
0  
0  
0  
0  
1  mm 934 515
1  mm 931 518
1  mm 923 526
1  mm 916 529
1  mm 905 537
1  mm 880 551
1  mm 857 560
1  mm 821 572
1  mm 805 574
1  mm 794 576
1  mm 782 577
1  mm 779 577
1  mm 776 577
1  mm 773 577
0  
0  
0  
0  
0  
0  
0  
0  
0  
0  
0  
0  
0  
0  
0  
0  
0  
0  
0  
0  
0  
0  
0  
0  
0  
0  
0  
0  
0  
0  
0  
0  
0  
0  
0  
0  
0  
0  
0  
0  
0  
0  
0  
0  
0  
0  
1 T 1523747636.494000 
0  
0  
0  
0  
0  
0  
0  
0  
0  
0  
0  
0  
0  
0  
0  
0  
0  
1  sd 117 773 577
0  
0  
2 v su 117 773 577
1 v 
1 v 
1 v 
1 v 
1 v 
1 v 
1 v 
1 v 
1 v 
1 v 
1 v 
1 v 
1 v 
1 v 
1 v 
1  mm 433 312
0  
0  
1  mm 465 334
1  mm 545 373
1  mm 623 406
1  mm 652 424
1  mm 665 430
1  mm 681 432
1  mm 710 438
1  mm 755 449
1  mm 781 463
1  mm 799 476
1  mm 810 487
1  mm 833 506
1  mm 845 514
1  mm 854 519
1  mm 858 523
1  mm 861 527
0  
0  
0  
0  
0  
0  
0  
0  
0  
0  
0  
0  
0  
0  
0  
0  
0  
0  
1  sd 117 861 527
0  
0  
0  
0  
0  
0  
0  
0  
0  
0  
0  
0  
0  
0  
0  
0  
0  
1  su 117 861 527
0  
0  
0  
0  
0  
0  
0  
1 T 1523747639.713000 
0  
0  
0  
0  
0  
0  
0  
0  
0  
0  
0  
1  kd 27 861 527
0  
0  
0  
0  
0  
1  ku 27 861 527
0  
0  
0  
0  
0  
0  
0  
0  
0  
0  
0  
0  
0  
0  
0  
0  
0  
0  
0  
0  
0  
0  
0  
0  
0  
1  sd 117 861 527
0  
0  
0  
0  
0  
0  
0  
0  
0  
0  
0  
0  
0  
0  
0  
0  
4  ku 13 872 386 su 117 872 386 mm 858 495 mm 872 386
1  mm 908 414
1  mm 923 446
1  mm 925 457
1  mm 927 463
1  mm 927 469
1  mm 927 472
1  mm 925 475
1  mm 925 478
1  mm 922 481
1  mm 922 482
1  mm 920 482
1  mm 916 485
1  mm 913 485
0  
0  
0  
0  
0  
0  
0  
0  
0  
0  
1  sd 117 913 485
0  
0  
0  
0  
0  
0  
1  su 117 913 485
0  
0  
0  
0  
0  
0  
0  
1 T 1523747642.604000 
0  
0  
0  
0  
0  
0  
0  
0  
0  
0  
0  
0  
0  
0  
0  
0  
0  
0  
0  
0  
0  
0  
0  
0  
0  
0  
0  
0  
0  
0  
0  
0  
0  
0  
0  
0  
0  
0  
0  
0  
0  
0  
0  
0  
0  
0  
0  
0  
0  
0  
0  
0  
0  
0  
0  
0  
0  
0  
0  
0  
0  
0  
0  
0  
0  
0  
0  
0  
0  
0  
0  
0  
0  
0  
0  
0  
0  
0  
0  
0  
0  
0  
0  
0  
0  
0  
0  
0  
0  
0  
0  
0  
0  
0  
0  
0  
0  
0  
0  
1 T 1523747644.203000 
0  
0  
0  
0  
0  
0  
0  
0  
0  
0  
0  
0  
0  
0  
0  
0  
0  
0  
0  
0  
0  
0  
0  
0  
0  
0  
0  
0  
0  
0  
0  
0  
0  
0  
0  
0  
0  
0  
0  
0  
0  
0  
0  
0  
0  
0  
0  
0  
0  
0  
0  
0  
0  
0  
0  
0  
0  
0  
0  
0  
0  
0  
0  
0  
0  
0  
0  
0  
0  
0  
0  
0  
0  
0  
0  
1  mm 913 486
0  
0  
0  
0  
0  
0  
0  
0  
0  
0  
0  
0  
0  
0  
0  
0  
0  
0  
0  
0  
0  
0  
0  
1 T 1523747645.810000 
0  
0  
0  
0  
0  
0  
0  
0  
0  
0  
0  
0  
0  
0  
0  
0  
0  
0  
0  
0  
0  
0  
0  
0  
0  
0  
0  
0  
0  
0  
0  
0  
0  
0  
0  
0  
0  
0  
0  
0  
0  
0  
0  
0  
0  
0  
0  
0  
0  
0  
0  
0  
0  
0  
0  
0  
0  
0  
0  
0  
0  
0  
0  
0  
0  
0  
0  
0  
0  
0  
0  
0  
0  
0  
0  
0  
0  
0  
0  
0  
0  
0  
0  
0  
0  
0  
0  
0  
0  
0  
0  
0  
0  
0  
0  
0  
0  
0  
0  
1 T 1523747647.412000 
0  
0  
0  
0  
0  
0  
0  
0  
0  
0  
0  
0  
0  
0  
0  
0  
0  
0  
0  
0  
0  
0  
0  
0  
0  
0  
0  
0  
0  
0  
0  
0  
0  
0  
0  
0  
0  
0  
0  
0  
0  
0  
0  
0  
0  
0  
0  
0  
0  
0  
0  
0  
0  
0  
0  
0  
0  
0  
0  
0  
0  
0  
0  
0  
0  
0  
0  
0  
0  
0  
0  
0  
0  
0  
0  
0  
0  
0  
0  
0  
0  
0  
0  
0  
0  
0  
0  
0  
0  
0  
0  
0  
0  
0  
0  
0  
0  
0  
0  
1 T 1523747649.025000 
0  
0  
0  
0  
0  
0  
0  
0  
0  
0  
0  
0  
0  
0  
0  
0  
0  
0  
0  
0  
0  
0  
0  
0  
0  
0  
0  
0  
0  
0  
0  
0  
0  
0  
0  
0  
0  
0  
0  
0  
0  
0  
0  
0  
0  
0  
0  
0  
0  
0  
0  
0  
0  
0  
0  
0  
0  
0  
0  
0  
0  
0  
0  
0  
0  
0  
0  
0  
0  
0  
0  
0  
0  
0  
0  
0  
0  
0  
0  
0  
0  
0  
0  
0  
0  
0  
0  
0  
1  mm 27 48
0  
0  
0  
0  
0  
1  mm 65 87
1  mm 101 140
1  mm 191 217
1  mm 261 268
1  mm 331 340
2 T 1523747650.670000 mm 375 379
1  mm 447 425
1  mm 469 456
1  mm 495 486
1  mm 533 529
1  mm 550 542
1  mm 561 548
1  mm 570 554
1  mm 574 556
1  mm 574 557
1  mm 577 559
0  
0  
0  
0  
0  
0  
0  
0  
0  
0  
0  
0  
0  
0  
0  
0  
0  
0  
0  
0  
0  
0  
0  
0  
0  
0  
0  
0  
0  
0  
0  
0  
0  
0  
0  
0  
0  
0  
0  
0  
0  
0  
0  
0  
0  
0  
0  
0  
0  
0  
0  
0  
0  
0  
0  
0  
0  
0  
0  
0  
0  
0  
0  
0  
0  
0  
0  
0  
0  
0  
0  
0  
0  
0  
0  
0  
0  
0  
0  
0  
0  
0  
0  
0  
0  
0  
0  
0  
0  
1 T 1523747652.310000 
0  
0  
0  
0  
0  
0  
0  
0  
0  
0  
0  
0  
0  
0  
0  
0  
0  
0  
0  
0  
0  
0  
0  
0  
0  
0  
0  
0  
0  
0  
0  
0  
0  
0  
0  
0  
0  
0  
0  
0  
0  
0  
0  
0  
0  
0  
0  
0  
0  
0  
0  
0  
0  
0  
0  
0  
0  
0  
0  
0  
0  
0  
0  
0  
0  
0  
0  
0  
0  
0  
0  
0  
0  
0  
0  
0  
0  
0  
0  
0  
0  
0  
0  
0  
0  
0  
0  
0  
0  
0  
0  
0  
0  
0  
0  
0  
0  
0  
0  
1 T 1523747653.925000 
0  
0  
0  
0  
0  
0  
0  
0  
0  
0  
0  
0  
0  
0  
0  
0  
0  
0  
0  
0  
0  
0  
0  
0  
0  
0  
0  
0  
0  
0  
0  
0  
0  
0  
0  
0  
0  
0  
0  
0  
0  
0  
0  
0  
0  
0  
0  
0  
0  
0  
0  
0  
0  
0  
0  
0  
1  mm 1085 829
0  
0  
0  
0  
0  
0  
0  
0  
0  
0  
0  
0  
0  
0  
0  
0  
0  
0  
0  
0  
0  
0  
0  
0  
0  
0  
0  
0  
1  mm 821 497
1  mm 809 486
1  mm 803 481
1  mm 797 478
1  mm 789 476
1  mm 784 475
1  mm 781 475
1  mm 774 476
0  
0  
0  
0  
0  
0  
1 T 1523747655.599000 
0  
0  
0  
0  
0  
0  
0  
0  
0  
1  mm 800 501
1  mm 818 519
0  
0  
0  
0  
0  
0  
0  
0  
0  
0  
0  
0  
0  
0  
0  
0  
0  
0  
0  
0  
0  
0  
0  
0  
0  
0  
0  
0  
0  
0  
0  
0  
0  
0  
0  
0  
0  
0  
0  
0  
0  
0  
0  
0  
0  
0  
0  
0  
0  
0  
0  
0  
0  
0  
0  
0  
0  
0  
0  
0  
0  
0  
0  
0  
0  
0  
0  
0  
0  
0  
0  
0  
0  
0  
0  
0  
0  
0  
0  
0  
0  
0  
0  
0  
0  
0  
0  
0  
1 T 1523747657.220000 
0  
0  
0  
0  
0  
0  
0  
0  
0  
0  
0  
0  
0  
0  
0  
0  
0  
0  
0  
0  
0  
0  
0  
0  
0  
0  
0  
0  
0  
0  
0  
0  
0  
0  
0  
0  
0  
0  
0  
0  
0  
0  
0  
0  
0  
0  
0  
0  
0  
0  
0  
0  
0  
0  
0  
0  
0  
0  
0  
0  
0  
0  
0  
0  
0  
0  
0  
0  
0  
0  
0  
0  
0  
0  
0  
0  
0  
0  
0  
0  
0  
0  
0  
0  
0  
0  
0  
0  
0  
0  
0  
0  
0  
0  
0  
0  
0  
0  
0  
1 T 1523747658.858000 
0  
0  
0  
0  
0  
0  
0  
0  
0  
0  
0  
0  
0  
0  
0  
0  
0  
0  
0  
0  
0  
0  
0  
0  
0  
0  
0  
0  
0  
0  
0  
0  
0  
0  
0  
0  
0  
0  
0  
0  
0  
0  
0  
0  
0  
0  
0  
0  
0  
0  
0  
0  
0  
0  
0  
0  
0  
0  
0  
0  
0  
0  
0  
0  
0  
0  
0  
0  
0  
0  
0  
0  
0  
0  
0  
0  
0  
0  
0  
0  
0  
0  
0  
0  
0  
0  
0  
0  
0  
0  
0  
0  
0  
0  
0  
0  
0  
0  
0  
1 T 1523747660.465000 
0  
0  
0  
0  
0  
0  
0  
0  
0  
0  
0  
0  
0  
0  
0  
0  
0  
0  
0  
0  
0  
0  
0  
0  
0  
0  
0  
0  
0  
0  
0  
0  
0  
0  
0  
0  
0  
0  
0  
0  
0  
0  
0  
0  
0  
0  
0  
0  
0  
0  
0  
0  
0  
0  
0  
0  
0  
0  
0  
0  
0  
0  
0  
0  
0  
0  
0  
0  
0  
0  
0  
0  
0  
0  
0  
0  
0  
0  
0  
0  
0  
0  
0  
0  
0  
0  
0  
0  
0  
0  
0  
0  
0  
0  
0  
0  
0  
0  
0  
1 T 1523747662.178000 
0  
0  
0  
0  
0  
0  
0  
0  
0  
0  
0  
0  
0  
0  
0  
0  
0  
0  
0  
0  
0  
0  
0  
0  
0  
0  
0  
0  
0  
0  
0  
0  
0  
0  
0  
0  
0  
0  
0  
0  
0  
0  
0  
0  
0  
0  
0  
0  
0  
0  
0  
0  
0  
0  
0  
0  
0  
0  
0  
0  
0  
0  
0  
0  
0  
0  
0  
0  
0  
0  
0  
0  
0  
0  
0  
0  
0  
0  
0  
0  
0  
0  
0  
0  
0  
0  
0  
0  
0  
0  
0  
0  
0  
0  
0  
0  
0  
0  
0  
1 T 1523747663.787000 
0  
0  
0  
0  
0  
0  
0  
0  
0  
0  
0  
0  
0  
0  
0  
0  
0  
0  
0  
0  
0  
0  
0  
0  
0  
0  
0  
0  
0  
0  
0  
0  
0  
0  
0  
0  
0  
0  
0  
0  
0  
0  
0  
0  
0  
0  
0  
0  
0  
0  
0  
0  
0  
0  
0  
0  
0  
0  
0  
0  
0  
0  
0  
0  
0  
0  
0  
0  
0  
0  
0  
0  
0  
0  
0  
0  
0  
0  
0  
0  
0  
0  
0  
0  
0  
0  
0  
0  
0  
0  
0  
0  
0  
0  
0  
0  
0  
0  
0  
1 T 1523747665.403000 
0  
0  
0  
0  
0  
0  
0  
0  
0  
0  
0  
0  
0  
0  
0  
0  
0  
0  
0  
0  
0  
0  
0  
0  
0  
0  
0  
0  
0  
0  
0  
0  
0  
0  
0  
0  
0  
0  
0  
0  
0  
0  
0  
0  
0  
0  
0  
0  
0  
0  
0  
0  
0  
0  
0  
0  
0  
0  
0  
0  
0  
0  
0  
0  
0  
0  
0  
0  
0  
0  
0  
0  
0  
0  
0  
0  
0  
0  
0  
0  
0  
0  
0  
0  
0  
0  
0  
0  
0  
0  
0  
0  
0  
0  
0  
0  
0  
0  
0  
1 T 1523747667.006000 
0  
0  
0  
0  
0  
0  
0  
0  
0  
0  
0  
0  
0  
0  
0  
0  
0  
0  
0  
0  
0  
0  
0  
0  
0  
0  
0  
0  
0  
0  
0  
0  
0  
0  
0  
0  
0  
0  
0  
0  
0  
0  
0  
0  
0  
0  
0  
0  
0  
0  
0  
0  
0  
0  
0  
0  
0  
0  
0  
0  
0  
0  
0  
0  
0  
0  
0  
0  
0  
0  
0  
0  
0  
0  
0  
0  
0  
0  
0  
0  
0  
0  
0  
0  
0  
0  
0  
0  
0  
0  
0  
0  
0  
0  
0  
0  
0  
0  
0  
1 T 1523747668.789000 
0  
0  
0  
0  
0  
0  
0  
0  
0  
0  
0  
0  
0  
0  
0  
0  
0  
0  
0  
0  
0  
0  
0  
0  
0  
0  
0  
0  
0  
0  
0  
0  
0  
0  
0  
0  
0  
0  
0  
0  
0  
0  
0  
0  
0  
0  
0  
0  
0  
0  
0  
0  
0  
0  
0  
0  
0  
0  
0  
0  
0  
0  
0  
0  
0  
0  
0  
0  
0  
0  
0  
0  
0  
0  
0  
0  
0  
0  
0  
0  
0  
0  
0  
0  
0  
0  
0  
0  
0  
0  
0  
0  
0  
0  
0  
0  
0  
0  
0  
1 T 1523747670.422000 
0  
0  
0  
0  
0  
0  
0  
0  
0  
0  
0  
0  
0  
0  
0  
0  
0  
0  
0  
0  
0  
0  
0  
0  
0  
0  
0  
0  
0  
0  
0  
0  
0  
0  
0  
0  
0  
0  
0  
0  
0  
0  
0  
0  
0  
0  
0  
0  
0  
0  
0  
0  
0  
0  
0  
0  
0  
0  
0  
0  
0  
0  
0  
0  
0  
0  
0  
0  
0  
0  
0  
0  
0  
0  
0  
0  
0  
0  
0  
0  
0  
0  
0  
0  
0  
0  
0  
0  
0  
0  
0  
0  
0  
0  
0  
0  
0  
0  
0  
1 T 1523747672.033000 
0  
0  
0  
0  
0  
0  
0  
0  
0  
0  
0  
0  
0  
0  
0  
0  
0  
0  
0  
0  
0  
0  
0  
0  
0  
0  
0  
0  
0  
0  
0  
0  
0  
0  
0  
0  
0  
0  
0  
0  
0  
0  
0  
0  
0  
0  
0  
0  
0  
0  
0  
0  
0  
0  
0  
0  
0  
0  
0  
0  
0  
0  
0  
0  
0  
0  
0  
0  
0  
0  
0  
0  
0  
0  
0  
0  
0  
0  
0  
0  
0  
0  
0  
0  
0  
0  
0  
0  
0  
0  
0  
0  
0  
0  
0  
0  
0  
0  
0  
1 T 1523747673.633000 
0  
0  
0  
0  
0  
0  
0  
0  
0  
0  
0  
0  
0  
0  
0  
0  
0  
0  
0  
0  
0  
0  
0  
0  
0  
0  
0  
0  
0  
0  
0  
0  
0  
0  
0  
0  
0  
0  
0  
0  
0  
0  
0  
0  
0  
0  
0  
0  
0  
0  
0  
0  
0  
0  
0  
0  
0  
0  
0  
0  
0  
0  
0  
0  
0  
0  
0  
0  
0  
0  
0  
0  
0  
0  
0  
0  
0  
0  
0  
0  
0  
0  
0  
0  
0  
0  
0  
0  
0  
0  
0  
0  
0  
0  
0  
0  
0  
0  
0  
1 T 1523747675.236000 
0  
0  
0  
0  
0  
0  
0  
0  
0  
0  
0  
0  
0  
0  
0  
0  
0  
0  
0  
0  
0  
0  
0  
0  
0  
0  
0  
0  
0  
0  
0  
0  
0  
0  
0  
0  
0  
0  
0  
0  
0  
0  
0  
0  
0  
0  
0  
0  
0  
0  
0  
0  
0  
0  
0  
0  
0  
0  
0  
0  
0  
0  
0  
0  
0  
0  
0  
0  
0  
0  
0  
0  
0  
0  
0  
0  
0  
0  
0  
0  
0  
0  
0  
0  
0  
0  
0  
0  
0  
0  
0  
0  
0  
0  
0  
0  
0  
0  
0  
1 T 1523747676.836000 
0  
0  
0  
0  
0  
0  
0  
0  
0  
0  
0  
0  
0  
0  
0  
0  
0  
0  
0  
0  
0  
0  
0  
0  
0  
0  
0  
0  
0  
0  
0  
0  
0  
0  
0  
0  
0  
0  
0  
0  
0  
0  
0  
0  
0  
0  
0  
0  
0  
0  
0  
0  
0  
0  
0  
0  
0  
0  
0  
0  
0  
0  
0  
0  
0  
0  
0  
0  
0  
0  
0  
0  
0  
0  
0  
0  
0  
0  
0  
0  
0  
0  
0  
0  
0  
0  
0  
0  
0  
0  
0  
0  
0  
0  
0  
0  
0  
0  
0  
1 T 1523747678.437000 
0  
0  
0  
0  
0  
0  
0  
0  
0  
0  
0  
0  
0  
0  
0  
0  
0  
0  
0  
0  
0  
0  
0  
0  
0  
0  
0  
0  
0  
0  
0  
0  
0  
0  
0  
0  
0  
0  
0  
0  
0  
0  
0  
0  
0  
0  
0  
0  
0  
0  
0  
0  
0  
0  
0  
0  
0  
0  
0  
0  
0  
0  
0  
0  
0  
0  
0  
0  
0  
0  
0  
0  
0  
0  
0  
0  
0  
0  
0  
0  
0  
0  
0  
0  
0  
0  
0  
0  
0  
0  
0  
0  
0  
0  
0  
0  
0  
0  
0  
1 T 1523747680.038000 
0  
0  
0  
0  
0  
0  
0  
0  
0  
0  
0  
0  
0  
0  
0  
0  
0  
0  
0  
0  
0  
0  
0  
0  
0  
0  
0  
0  
0  
0  
0  
0  
0  
0  
0  
0  
0  
0  
0  
0  
0  
0  
0  
0  
0  
0  
0  
0  
0  
0  
0  
0  
0  
0  
0  
0  
0  
0  
0  
0  
0  
0  
0  
0  
0  
0  
0  
0  
0  
0  
0  
0  
0  
0  
0  
0  
0  
0  
0  
0  
0  
0  
0  
0  
0  
0  
0  
0  
0  
0  
0  
0  
0  
0  
0  
0  
0  
0  
0  
1 T 1523747681.641000 
0  
0  
0  
0  
0  
0  
0  
0  
0  
0  
0  
0  
0  
0  
0  
0  
0  
0  
0  
0  
0  
0  
0  
0  
0  
0  
0  
0  
0  
0  
0  
0  
0  
0  
0  
0  
0  
0  
0  
0  
0  
0  
0  
0  
0  
0  
0  
0  
0  
0  
0  
0  
0  
0  
0  
0  
0  
0  
0  
0  
0  
0  
0  
0  
0  
0  
0  
0  
0  
0  
0  
0  
0  
0  
0  
0  
0  
0  
0  
0  
0  
0  
0  
0  
0  
0  
0  
0  
0  
0  
0  
0  
0  
0  
0  
0  
0  
0  
0  
1 T 1523747683.255000 
0  
0  
0  
0  
0  
0  
0  
0  
0  
0  
0  
0  
0  
0  
0  
0  
0  
0  
0  
0  
0  
0  
0  
0  
0  
0  
0  
0  
0  
0  
0  
0  
0  
0  
0  
0  
0  
0  
0  
0  
0  
0  
0  
0  
0  
0  
0  
0  
0  
0  
0  
0  
0  
0  
0  
0  
0  
0  
0  
0  
0  
0  
0  
0  
0  
0  
0  
0  
0  
0  
0  
0  
0  
0  
0  
0  
0  
0  
0  
0  
0  
0  
0  
0  
0  
0  
0  
0  
0  
0  
0  
0  
0  
0  
0  
0  
0  
0  
0  
1 T 1523747684.863000 
0  
0  
0  
0  
0  
0  
0  
0  
0  
0  
0  
0  
0  
0  
0  
0  
0  
0  
0  
0  
0  
0  
0  
0  
0  
0  
0  
0  
0  
0  
0  
0  
0  
0  
0  
0  
0  
0  
0  
0  
0  
0  
0  
0  
0  
0  
0  
0  
0  
0  
0  
0  
0  
0  
0  
0  
0  
0  
0  
0  
0  
0  
0  
0  
0  
0  
0  
0  
0  
0  
0  
0  
0  
0  
0  
0  
0  
0  
0  
0  
0  
0  
0  
0  
0  
0  
0  
0  
0  
0  
0  
0  
0  
0  
0  
0  
0  
0  
0  
1 T 1523747686.468000 
0  
0  
0  
0  
0  
0  
0  
0  
0  
0  
0  
0  
0  
0  
0  
0  
0  
0  
0  
0  
0  
0  
0  
0  
0  
0  
0  
0  
0  
0  
0  
0  
0  
0  
0  
0  
0  
0  
0  
0  
0  
0  
0  
0  
0  
0  
0  
0  
0  
0  
0  
0  
0  
0  
0  
0  
0  
0  
0  
0  
0  
0  
0  
0  
0  
0  
0  
0  
0  
0  
0  
0  
0  
0  
0  
0  
0  
0  
0  
0  
0  
0  
0  
0  
0  
0  
0  
0  
0  
0  
0  
0  
0  
0  
0  
0  
0  
0  
0  
1 T 1523747688.076000 
0  
0  
0  
0  
0  
0  
0  
0  
0  
0  
0  
0  
0  
0  
0  
0  
0  
0  
0  
0  
0  
0  
0  
0  
0  
0  
0  
0  
0  
0  
0  
0  
0  
0  
0  
0  
0  
0  
0  
0  
0  
0  
0  
0  
0  
0  
0  
0  
0  
0  
0  
0  
0  
0  
0  
0  
0  
0  
0  
0  
0  
0  
0  
0  
0  
0  
0  
0  
0  
0  
0  
0  
0  
0  
0  
0  
0  
0  
0  
0  
0  
0  
0  
0  
0  
0  
0  
0  
0  
0  
0  
0  
0  
0  
0  
0  
0  
0  
0  
1 T 1523747689.679000 
0  
0  
0  
0  
0  
0  
0  
0  
0  
0  
0  
0  
0  
0  
0  
0  
0  
0  
0  
0  
0  
0  
0  
0  
0  
0  
0  
0  
0  
0  
0  
0  
0  
0  
0  
0  
0  
0  
0  
0  
0  
0  
0  
0  
0  
0  
0  
0  
0  
0  
0  
0  
0  
0  
0  
0  
0  
0  
0  
0  
0  
0  
0  
0  
0  
0  
0  
0  
0  
0  
0  
0  
0  
0  
0  
0  
0  
0  
0  
0  
0  
0  
0  
0  
0  
0  
0  
0  
0  
0  
0  
0  
0  
0  
0  
0  
0  
0  
0  
1 T 1523747691.281000 
0  
0  
0  
0  
0  
0  
0  
0  
0  
0  
0  
0  
0  
0  
0  
0  
0  
0  
0  
0  
0  
0  
0  
0  
0  
0  
0  
0  
0  
0  
0  
0  
0  
0  
0  
0  
0  
0  
0  
0  
0  
0  
0  
0  
0  
0  
0  
0  
0  
0  
0  
0  
0  
0  
0  
0  
0  
0  
0  
0  
0  
0  
0  
0  
0  
0  
0  
0  
0  
0  
0  
0  
0  
0  
0  
0  
0  
0  
0  
0  
0  
0  
0  
0  
0  
0  
0  
0  
0  
0  
0  
0  
0  
0  
0  
0  
0  
0  
0  
1 T 1523747692.881000 
0  
0  
0  
0  
0  
0  
0  
0  
0  
0  
0  
0  
0  
0  
0  
0  
0  
0  
0  
0  
0  
0  
0  
0  
0  
0  
0  
0  
0  
0  
0  
0  
0  
0  
0  
0  
0  
0  
0  
0  
0  
0  
0  
0  
0  
0  
0  
0  
0  
0  
0  
0  
0  
0  
0  
0  
0  
0  
0  
0  
0  
0  
0  
0  
0  
0  
0  
0  
0  
0  
0  
0  
0  
0  
0  
0  
0  
0  
0  
0  
0  
0  
0  
0  
0  
0  
0  
0  
0  
0  
0  
0  
0  
0  
0  
0  
0  
0  
0  
1 T 1523747694.481000 
0  
0  
0  
0  
0  
0  
0  
0  
0  
0  
0  
0  
0  
0  
0  
0  
0  
0  
0  
0  
0  
0  
0  
0  
0  
0  
0  
0  
0  
0  
0  
0  
0  
0  
0  
0  
0  
0  
0  
0  
0  
0  
0  
0  
0  
0  
0  
0  
0  
0  
0  
0  
0  
0  
0  
0  
0  
0  
0  
0  
0  
0  
0  
0  
0  
0  
0  
0  
0  
0  
0  
0  
0  
0  
0  
0  
0  
0  
0  
0  
0  
0  
0  
0  
0  
0  
0  
0  
0  
0  
0  
0  
0  
0  
0  
0  
0  
0  
0  
1 T 1523747696.084000 
0  
0  
0  
0  
0  
0  
0  
0  
0  
0  
0  
0  
0  
0  
0  
0  
0  
0  
0  
0  
0  
0  
0  
0  
0  
0  
0  
0  
0  
0  
0  
0  
0  
0  
0  
0  
0  
0  
0  
0  
0  
0  
0  
0  
0  
0  
0  
0  
0  
0  
0  
0  
0  
0  
0  
0  
0  
0  
0  
0  
0  
0  
0  
0  
0  
0  
0  
0  
0  
0  
0  
0  
0  
0  
0  
0  
0  
0  
0  
0  
0  
0  
0  
0  
0  
0  
0  
0  
0  
0  
0  
0  
0  
0  
0  
0  
0  
0  
0  
1 T 1523747697.686000 
0  
0  
0  
0  
0  
0  
0  
0  
0  
0  
0  
0  
0  
0  
0  
0  
0  
0  
0  
0  
0  
0  
0  
0  
0  
0  
0  
0  
0  
0  
0  
0  
0  
0  
0  
0  
0  
0  
0  
0  
0  
0  
0  
0  
0  
0  
0  
0  
0  
0  
0  
0  
0  
0  
0  
0  
0  
0  
0  
0  
0  
0  
0  
0  
0  
0  
0  
0  
0  
0  
0  
0  
0  
0  
0  
0  
0  
0  
0  
0  
0  
0  
0  
0  
0  
0  
0  
0  
0  
0  
0  
0  
0  
0  
0  
0  
0  
0  
0  
1 T 1523747699.294000 
0  
0  
0  
0  
0  
0  
0  
0  
0  
0  
0  
0  
0  
0  
0  
0  
0  
0  
0  
0  
0  
0  
0  
0  
0  
0  
0  
0  
0  
0  
0  
0  
0  
0  
0  
0  
0  
0  
0  
0  
0  
0  
0  
0  
0  
0  
0  
0  
0  
0  
0  
0  
0  
0  
0  
0  
0  
0  
0  
0  
0  
0  
0  
0  
0  
0  
0  
0  
0  
0  
0  
0  
0  
0  
0  
0  
0  
0  
0  
0  
0  
0  
0  
0  
0  
0  
0  
0  
0  
0  
0  
0  
0  
0  
0  
0  
0  
0  
0  
1 T 1523747700.910000 
0  
0  
0  
0  
0  
0  
0  
0  
0  
0  
0  
0  
0  
0  
0  
0  
0  
0  
0  
0  
0  
0  
0  
0  
0  
0  
0  
0  
0  
0  
0  
0  
0  
0  
0  
0  
0  
0  
0  
0  
0  
0  
0  
0  
0  
0  
0  
0  
0  
0  
0  
0  
0  
0  
0  
0  
0  
0  
0  
0  
0  
0  
0  
0  
0  
0  
0  
0  
0  
0  
0  
0  
0  
0  
0  
0  
0  
0  
0  
0  
0  
0  
0  
0  
0  
0  
0  
0  
0  
0  
0  
0  
0  
0  
0  
0  
0  
0  
0  
1 T 1523747702.510000 
0  
0  
0  
0  
0  
0  
0  
0  
0  
0  
0  
0  
0  
0  
0  
0  
0  
0  
0  
0  
0  
0  
0  
0  
0  
0  
0  
0  
0  
0  
0  
0  
0  
0  
0  
0  
0  
0  
0  
0  
0  
0  
0  
0  
0  
0  
0  
0  
0  
0  
0  
0  
0  
0  
0  
0  
0  
0  
0  
0  
0  
0  
0  
0  
0  
0  
0  
0  
0  
0  
0  
0  
0  
0  
0  
0  
0  
0  
0  
0  
0  
0  
0  
0  
0  
0  
0  
0  
0  
0  
0  
0  
0  
0  
0  
0  
0  
0  
0  
1 T 1523747704.113000 
0  
0  
0  
0  
0  
0  
0  
0  
0  
0  
0  
0  
0  
0  
0  
0  
0  
0  
0  
0  
0  
0  
0  
0  
0  
0  
0  
0  
0  
0  
0  
0  
0  
0  
0  
0  
0  
0  
0  
0  
0  
0  
0  
0  
0  
0  
0  
0  
0  
0  
0  
0  
0  
0  
0  
0  
0  
0  
0  
0  
0  
0  
0  
0  
0  
0  
0  
0  
0  
0  
0  
0  
0  
0  
0  
0  
0  
0  
0  
0  
0  
0  
0  
0  
0  
0  
0  
0  
0  
0  
0  
0  
0  
0  
0  
0  
0  
0  
0  
1 T 1523747705.794000 
0  
0  
0  
0  
0  
0  
0  
0  
0  
0  
0  
0  
0  
0  
0  
0  
0  
0  
0  
0  
0  
0  
0  
0  
0  
0  
0  
0  
0  
0  
0  
0  
0  
0  
0  
0  
0  
0  
0  
0  
0  
0  
0  
0  
0  
0  
0  
0  
0  
0  
0  
0  
0  
0  
0  
0  
0  
0  
0  
0  
1  mm 771 969
0  
0  
0  
0  
0  
0  
0  
0  
0  
0  
0  
0  
0  
0  
0  
0  
0  
0  
0  
0  
0  
0  
0  
0  
0  
0  
0  
0  
0  
0  
0  
0  
0  
0  
0  
0  
0  
0  
1 T 1523747707.418000 
0  
0  
0  
0  
0  
0  
1  kd 27 771 969
0  
0  
1  ku 27 771 969
0  
0  
0  
0  
0  
0  
0  
0  
0  
0  
0  
0  
0  
0  
0  
0  
0  
0  
0  
0  
0  
0  
0  
0  
0  
0  
0  
0  
0  
0  
0  
0  
0  
0  
0  
0  
0  
0  
0  
0  
1  sd 113 771 969
0  
0  
0  
0  
0  
0  
0  
0  
0  
0  
0  
0  
0  
0  
0  
0  
0  
0  
0  
0  
0  
0  
0  
0  
0  
0  
0  
0  
1  su 113 771 969
0  
0  
0  
0  
0  
0  
0  
0  
1  mm 773 969
1  mm 776 969
1  mm 779 969
1  mm 782 969
1  mm 786 970
0  
1  mm 787 972
0  
0  
0  
0  
1 T 1523747709.020000 
0  
0  
0  
0  
0  
0  
0  
0  
0  
0  
0  
0  
0  
0  
1  sd 113 787 972
0  
0  
0  
0  
0  
0  
0  
0  
0  
1  kd 37 787 972
