1523747470 seed, 60 fps, 1920x1080, fullScreen=1, version60_mouseSpeed1.000000_musicOff0_musicLoudness1.000000_webRetrySeconds16 6AE1F26D71B23CC4993473343583E646F47A27A7
2 T 1523747471.060000 mm 894 851
0  
1  mm 1046 602
0  
0  
0  
0  
0  
0  
0  
0  
0  
0  
0  
0  
0  
0  
0  
0  
0  
0  
0  
0  
0  
0  
0  
0  
0  
0  
0  
0  
0  
0  
0  
0  
0  
0  
0  
0  
0  
0  
0  
0  
0  
0  
0  
0  
0  
0  
0  
0  
0  
0  
0  
0  
0  
0  
0  
0  
0  
0  
0  
0  
0  
0  
0  
0  
0  
0  
0  
0  
0  
0  
0  
0  
0  
0  
0  
0  
0  
0  
0  
0  
0  
0  
0  
0  
0  
0  
0  
0  
0  
0  
0  
0  
0  
0  
0  
0  
1 T 1523747473.875000 
0  
0  
0  
0  
0  
0  
0  
0  
0  
0  
0  
0  
0  
0  
0  
0  
2 af 0 af 3 
1 af 1 
1 af 2 
1 af 4 
0  
0  
0  
0  
0  
0  
0  
0  
0  
0  
0  
0  
1  mm 1133 485
1  mm 1181 414
1  mm 1217 365
1  mm 1284 295
1  mm 1305 274
1  mm 1317 264
1  mm 1321 258
1  mm 1324 255
1  mm 1325 254
1  mm 1327 252
1  mm 1328 252
1  mm 1330 251
0  
0  
0  
0  
1  mm 1331 251
0  
0  
0  
0  
1  mm 1331 254
1  mm 1329 257
1  mm 1324 263
1  mm 1289 289
1  mm 1220 325
1  mm 1194 337
1  mm 1158 346
1  mm 1137 346
1  mm 1089 342
1  mm 1063 333
1  mm 1047 324
1  mm 1034 317
1  mm 1029 314
1  mm 1026 313
1  mm 1021 310
1  mm 1018 309
1  mm 1011 307
1  mm 1002 305
1  mm 993 303
1  mm 985 302
1  mm 982 301
1  mm 978 298
1  mm 974 295
1  mm 969 290
0  
0  
0  
0  
0  
0  
0  
0  
0  
1  mb 1 1 969 290
0  
0  
0  
0  
0  
0  
0  
0  
0  
0  
0  
0  
1 T 1523747476.114000 
