1523747521 seed, 60 fps, 1920x1080, fullScreen=1, version60_mouseSpeed1.000000_musicOff0_musicLoudness1.000000_webRetrySeconds16 6AE1F26D71B23CC4993473343583E646F47A27A7
2 T 1523747522.346000 mm 880 853
0  
0  
0  
0  
0  
0  
0  
0  
0  
0  
0  
0  
0  
0  
0  
0  
0  
0  
0  
0  
0  
0  
0  
0  
0  
0  
0  
0  
0  
0  
0  
0  
0  
0  
0  
0  
0  
0  
0  
0  
1  mm 890 890
0  
0  
0  
0  
0  
0  
0  
0  
0  
0  
0  
0  
0  
0  
0  
0  
0  
0  
0  
0  
0  
0  
0  
0  
0  
0  
0  
0  
0  
0  
0  
0  
0  
0  
0  
0  
0  
0  
0  
0  
0  
0  
0  
0  
0  
0  
0  
0  
1  mm 887 882
1  mm 870 820
1  mm 847 677
1  mm 844 621
1  mm 844 590
1  mm 844 574
1  mm 844 568
1  mm 846 558
1  mm 850 551
2 T 1523747525.168000 mm 855 540
1  mm 870 518
1  mm 878 501
1  mm 902 472
1  mm 920 454
1  mm 944 437
1  mm 995 409
1  mm 1044 382
1  mm 1093 360
1  mm 1116 347
1  mm 1172 337
1  mm 1174 337
0  
0  
0  
0  
0  
2 af 0 af 3 
1 af 1 
1 af 2 
1 af 4 
0  
0  
0  
0  
0  
0  
0  
0  
0  
0  
0  
0  
0  
0  
0  
0  
0  
0  
0  
0  
0  
1  mm 1204 327
1  mm 1273 306
1  mm 1294 302
1  mm 1311 300
1  mm 1315 300
1  mm 1318 300
1  mm 1321 300
1  mm 1324 300
0  
1  mm 1315 300
1  mm 1243 306
1  mm 1093 318
1  mm 1038 325
1  mm 1020 325
1  mm 1012 325
1  mm 1004 325
1  mm 1001 325
2  mm 998 325 mm 997 324
1  mm 995 324
1  mm 992 322
1  mm 988 321
0  
0  
0  
0  
0  
0  
0  
0  
0  
0  
0  
0  
0  
0  
0  
0  
0  
0  
1  mm 987 318
1  mm 984 313
1  mm 981 309
1  mm 980 308
1  mm 977 305
0  
0  
0  
0  
0  
0  
0  
0  
0  
0  
0  
1  mb 1 1 977 305
0  
0  
1 T 1523747527.428000 
0  
0  
0  
0  
0  
0  
0  
0  
0  
