1523748239 seed, 60 fps, 1920x1080, fullScreen=1, version60_mouseSpeed1.000000_musicOff0_musicLoudness1.000000_webRetrySeconds16 6AE1F26D71B23CC4993473343583E646F47A27A7
2 T 1523748240.480000 mm 354 819
0  
1  mm 870 669
0  
0  
0  
0  
0  
0  
0  
0  
0  
0  
0  
0  
0  
0  
0  
0  
0  
0  
0  
0  
0  
0  
0  
0  
0  
0  
0  
0  
0  
0  
0  
0  
0  
0  
0  
0  
0  
0  
0  
0  
0  
0  
0  
0  
0  
0  
0  
0  
0  
0  
0  
0  
0  
0  
0  
0  
0  
0  
0  
0  
0  
0  
0  
0  
0  
0  
0  
0  
0  
0  
0  
0  
0  
0  
0  
0  
0  
0  
0  
0  
0  
0  
0  
0  
0  
0  
0  
0  
0  
0  
0  
0  
0  
0  
0  
0  
1 T 1523748243.430000 
0  
0  
0  
0  
0  
0  
0  
0  
0  
0  
0  
0  
0  
0  
0  
0  
2 af 0 af 3 
1 af 1 
1 af 2 
1 af 4 
0  
0  
0  
0  
0  
0  
0  
0  
0  
0  
0  
0  
0  
0  
0  
0  
0  
0  
0  
0  
0  
0  
0  
0  
0  
0  
0  
0  
0  
0  
0  
0  
1  mm 878 655
1  mm 907 590
1  mm 931 524
1  mm 941 489
1  mm 948 454
1  mm 953 419
1  mm 954 410
1  mm 956 406
1  mm 956 402
1  mm 956 399
0  
0  
0  
0  
0  
0  
0  
0  
0  
0  
0  
0  
0  
0  
0  
0  
0  
0  
0  
1  mm 957 394
1  mm 961 378
1  mm 967 355
1  mm 969 342
1  mm 971 334
1  mm 971 326
1  mm 971 320
1  mm 971 314
1  mm 971 309
1  mm 971 306
1  mm 972 300
0  
0  
0  
0  
0  
0  
0  
1 T 1523748245.658000 
0  
0  
0  
0  
0  
0  
1  mb 1 1 972 300
0  
0  
0  
0  
0  
0  
0  
0  
0  
0  
0  
0  
0  
1  mb 1 0 972 300
5 af 5 af 8 af 11 af 14 af 17 
3 af 6 af 10 af 15 
2 af 7 af 13 
2 af 9 af 18 
1 af 12 
1 af 16 
0  
0  
0  
0  
0  
0  
0  
0  
0  
0  
0  
0  
0  
0  
0  
0  
0  
0  
0  
0  
0  
0  
0  
0  
1  mm 986 303
1  mm 1058 333
1  mm 1091 348
1  mm 1129 364
1  mm 1167 375
1  mm 1196 387
1  mm 1218 396
1  mm 1227 402
1  mm 1233 405
1  mm 1242 413
1  mm 1245 416
1  mm 1251 422
1  mm 1256 431
1  mm 1265 450
1  mm 1274 472
1  mm 1280 491
1  mm 1288 510
1  mm 1294 519
1  mm 1297 528
1  mm 1308 541
1  mm 1313 550
1  mm 1319 557
1  mm 1325 563
1  mm 1326 566
1  mm 1331 569
1  mm 1332 570
1  mm 1332 572
1  mm 1335 572
1  mm 1336 572
1  mm 1338 572
1  mm 1339 572
1  mm 1341 572
0  
0  
0  
0  
0  
0  
0  
0  
0  
0  
0  
0  
0  
0  
0  
0  
1 T 1523748247.280000 
0  
0  
0  
1  mm 1342 578
1  mm 1344 585
1  mm 1346 589
1  mm 1347 595
1  mm 1348 597
1  mm 1350 599
1  mm 1350 601
0  
0  
0  
0  
0  
0  
0  
0  
0  
0  
0  
1  mb 1 1 1350 601
0  
0  
0  
0  
0  
0  
0  
0  
0  
0  
0  
0  
1  mb 1 0 1350 601
2 af 19 af 20 
0  
0  
0  
0  
0  
0  
0  
0  
0  
0  
0  
0  
0  
0  
0  
0  
0  
0  
0  
0  
0  
0  
0  
0  
0  
0  
0  
0  
0  
0  
0  
0  
0  
0  
0  
0  
0  
0  
0  
0  
0  
0  
0  
0  
0  
0  
0  
0  
0  
1  mm 1348 604
1  mm 1343 608
1  mm 1341 610
1  mm 1336 611
1  mm 1328 613
1  mm 1322 613
1  mm 1310 610
1  mm 1301 610
1  mm 1292 607
1  mm 1278 601
1  mm 1273 600
1  mm 1265 591
1  mm 1260 586
1  mm 1257 583
2 T 1523748248.883000 mm 1254 577
1  mm 1251 573
1  mm 1248 570
1  mm 1245 564
1  mm 1242 560
1  mm 1239 554
1  mm 1236 551
1  mm 1233 546
1  mm 1231 540
1  mm 1228 538
1  mm 1225 533
1  mm 1223 529
1  mm 1222 526
1  mm 1220 522
1  mm 1219 522
1  mm 1218 520
1  mm 1215 519
1  mm 1215 517
1  mm 1213 516
1  mm 1212 514
1  mm 1210 513
1  mm 1208 512
1  mm 1206 510
1  mm 1203 509
1  mm 1201 507
1  mm 1196 504
1  mm 1191 499
1  mm 1180 488
1  mm 1173 479
1  mm 1168 473
1  mm 1167 470
1  mm 1165 467
1  mm 1165 466
1  mm 1166 466
1  mm 1170 466
1  mm 1182 472
1  mm 1190 479
0  
0  
1  mm 1204 499
1  mm 1214 514
1  mm 1219 523
1  mm 1222 529
1  mm 1225 534
1  mm 1226 536
2  mm 1229 541 mm 1231 546
1  mm 1233 553
1  mm 1236 559
1  mm 1238 565
1  mm 1239 568
1  mm 1240 572
1  mm 1242 575
1  mm 1243 577
1  mm 1246 579
1  mm 1249 579
1  mm 1253 582
1  mm 1268 586
1  mm 1283 588
1  mm 1302 593
1  mm 1315 597
1  mm 1328 599
1  mm 1340 606
1  mm 1349 610
1  mm 1355 613
1  mm 1358 615
1  mm 1361 618
1  mm 1365 621
1  mm 1365 622
0  
1  mm 1368 625
1  mm 1368 627
1  mm 1371 627
0  
1  mm 1371 628
1  mm 1372 630
1  mm 1372 631
0  
1  mm 1372 632
0  
1  mm 1373 632
1  mm 1376 629
1  mm 1376 626
1  mm 1381 614
1  mm 1383 599
1  mm 1386 555
1  mm 1384 462
1  mm 1376 411
1  mm 1373 387
1  mm 1370 375
1  mm 1368 370
1  mm 1367 364
1  mm 1367 361
1  mm 1365 357
1  mm 1365 352
1  mm 1365 349
1  mm 1365 348
1  mm 1365 347
1  mm 1365 345
1  mm 1365 344
1  mm 1365 342
1 T 1523748250.481000 
1  mm 1364 342
0  
0  
0  
0  
0  
1  mm 1362 342
0  
0  
0  
0  
0  
0  
0  
1  mb 1 1 1362 342
0  
0  
0  
0  
0  
0  
0  
0  
0  
0  
0  
0  
1  mb 1 0 1362 342
0  
0  
0  
0  
0  
0  
0  
0  
0  
0  
0  
0  
0  
0  
0  
0  
0  
0  
0  
0  
0  
0  
0  
0  
0  
0  
0  
0  
0  
0  
0  
0  
0  
0  
0  
0  
0  
0  
0  
0  
0  
0  
0  
0  
0  
0  
0  
0  
0  
0  
0  
0  
0  
0  
0  
0  
0  
0  
0  
0  
0  
1  kd 100 1362 342
5 af 21 af 24 af 27 af 30 af 33 
3 af 22 af 26 af 31 
2 af 23 af 29 
2 af 25 af 34 
1 af 28 
2 af 32 ku 100 1362 342
0  
0  
0  
1 T 1523748252.083000 
1  kd 114 1362 342
9 af 35 af 38 af 41 af 44 af 47 af 50 af 53 af 56 af 59 
6 af 36 af 40 af 45 af 49 af 54 af 58 
4 af 37 af 43 af 51 af 57 
2 af 39 af 48 
2 af 42 af 55 
2 af 46 ku 114 1362 342
2 af 52 kd 111 1362 342
1 af 60 
1 af 61 
1 af 62 
0  
1  kd 109 1362 342
0  
1  ku 111 1362 342
0  
0  
0  
1  ku 109 1362 342
0  
1  kd 101 1362 342
0  
1  ku 101 1362 342
0  
0  
0  
0  
0  
0  
0  
0  
0  
0  
0  
0  
0  
0  
0  
0  
0  
0  
0  
0  
0  
0  
0  
0  
0  
0  
0  
0  
0  
0  
0  
0  
0  
0  
0  
0  
0  
0  
0  
0  
0  
1  mm 1362 346
1  mm 1362 350
1  mm 1362 357
1  mm 1362 364
1  mm 1363 371
1  mm 1364 375
1  mm 1371 385
1  mm 1375 392
1  mm 1380 400
1  mm 1383 405
1  mm 1385 408
1  mm 1387 414
1  mm 1388 418
1  mm 1390 421
1  mm 1391 425
1  mm 1393 428
1  mm 1396 430
1  mm 1396 431
1  mm 1396 433
1  mm 1396 434
0  
0  
0  
0  
0  
1  mm 1396 435
0  
1  mm 1396 437
1  mm 1396 440
1  mm 1396 446
1  mm 1395 456
1  mm 1393 469
1  mm 1389 486
1  mm 1388 494
1  mm 1386 499
2 T 1523748253.686000 mm 1385 503
1  mm 1385 505
1  mm 1385 508
1  mm 1383 509
1  mm 1382 510
0  
0  
0  
0  
0  
0  
0  
0  
0  
0  
0  
0  
0  
0  
0  
0  
0  
0  
0  
0  
0  
1  mm 1385 502
1  mm 1389 495
1  mm 1390 491
1  mm 1393 487
1  mm 1394 484
1  mm 1396 481
1  mm 1397 480
1  mm 1399 478
1  mm 1400 477
1  mm 1400 475
0  
0  
0  
0  
0  
1  mm 1400 476
1  mm 1400 477
1  mm 1400 479
1  mm 1400 480
1  mm 1398 483
1  mm 1397 484
1  mm 1397 487
1  mm 1397 490
1  mm 1395 493
1  mm 1394 497
1  mm 1394 505
1  mm 1394 519
1  mm 1394 528
1  mm 1394 538
1  mm 1394 554
1  mm 1394 563
1  mm 1394 567
1  mm 1394 575
1  mm 1394 578
1  mm 1394 582
1  mm 1394 584
1  mm 1394 585
1  mm 1394 586
1  mm 1394 589
1  mm 1393 592
1  mm 1393 594
0  
0  
0  
0  
0  
0  
0  
0  
0  
0  
0  
1  mb 1 1 1393 594
0  
0  
0  
0  
0  
0  
0  
0  
0  
0  
0  
0  
0  
1  mb 1 0 1393 594
0  
0  
0  
0  
0  
0  
0  
1 T 1523748255.285000 
0  
0  
0  
0  
0  
0  
0  
0  
1  mm 1379 599
1  mm 1357 605
1  mm 1332 610
1  mm 1304 612
1  mm 1286 611
1  mm 1271 611
1  mm 1253 609
1  mm 1246 609
1  mm 1236 609
1  mm 1232 609
1  mm 1227 607
1  mm 1223 606
1  mm 1219 606
1  mm 1216 605
1  mm 1208 605
1  mm 1200 603
1  mm 1186 601
1  mm 1179 599
1  mm 1175 598
1  mm 1170 598
1  mm 1167 596
1  mm 1166 594
1  mm 1165 591
1  mm 1165 588
1  mm 1168 585
1  mm 1171 584
1  mm 1175 582
1  mm 1180 579
0  
0  
0  
0  
0  
0  
0  
0  
0  
0  
1  mb 1 1 1180 579
0  
0  
0  
0  
0  
0  
0  
0  
0  
0  
0  
0  
0  
1  mb 1 0 1180 579
8 af 63 af 66 af 69 af 72 af 75 af 78 af 81 af 84 
5 af 64 af 68 af 73 af 77 af 82 
3 af 65 af 71 af 79 
2 af 67 af 76 
2 af 70 af 83 
1 af 74 
1 af 80 
0  
0  
0  
0  
0  
0  
0  
0  
0  
0  
0  
0  
0  
0  
0  
0  
0  
0  
0  
0  
0  
0  
0  
0  
0  
0  
0  
0  
0  
0  
0  
1 T 1523748256.886000 
0  
0  
0  
0  
0  
0  
0  
0  
0  
0  
1  mm 1193 575
1  mm 1214 565
1  mm 1228 560
1  mm 1240 553
1  mm 1251 549
1  mm 1260 543
1  mm 1277 534
1  mm 1290 526
2  mm 1304 519 mm 1308 515
1  mm 1317 508
1  mm 1324 501
1  mm 1335 484
1  mm 1341 472
1  mm 1344 459
1  mm 1353 424
1  mm 1360 395
1  mm 1365 363
1  mm 1366 353
1  mm 1366 346
1  mm 1366 342
1  mm 1366 339
1  mm 1366 335
1  mm 1366 333
1  mm 1368 330
1  mm 1369 330
1  mm 1371 330
1  mm 1372 333
1  mm 1378 355
1  mm 1389 409
2  mm 1394 456 mm 1397 476
1  mm 1397 507
1  mm 1395 525
1  mm 1395 541
1  mm 1395 548
1  mm 1396 554
1  mm 1400 573
1  mm 1404 588
1  mm 1412 612
1  mm 1415 625
1  mm 1417 632
1  mm 1419 638
1  mm 1420 640
1  mm 1420 643
1  mm 1420 647
1  mm 1420 648
1  mm 1420 654
1  mm 1420 659
1  mm 1420 661
1  mm 1420 669
1  mm 1420 674
1  mm 1420 678
1  mm 1420 682
1  mm 1420 685
1  mm 1420 688
1  mm 1420 689
1  mm 1420 691
1  mm 1420 692
0  
0  
0  
0  
0  
0  
0  
0  
0  
0  
0  
0  
1  mb 1 1 1420 692
0  
0  
0  
0  
0  
0  
0  
0  
0  
0  
0  
0  
0  
1  mb 1 0 1420 692
0  
0  
0  
0  
0  
1 T 1523748258.485000 
0  
0  
0  
0  
0  
0  
0  
0  
0  
0  
0  
0  
0  
0  
0  
0  
0  
0  
0  
0  
0  
0  
0  
0  
0  
0  
0  
0  
0  
0  
0  
0  
0  
0  
0  
1  mm 1387 680
1  mm 1338 655
1  mm 1308 638
1  mm 1292 630
1  mm 1283 627
1  mm 1274 623
1  mm 1260 622
1  mm 1253 620
1  mm 1241 618
1  mm 1235 616
1  mm 1228 615
1  mm 1220 613
1  mm 1217 611
1  mm 1211 608
1  mm 1208 607
1  mm 1205 604
1  mm 1203 601
1  mm 1200 598
1  mm 1198 594
1  mm 1197 591
1  mm 1196 590
1  mm 1196 587
1  mm 1196 586
1  mm 1196 584
1  mm 1196 581
0  
0  
0  
0  
0  
0  
0  
0  
0  
1  mb 1 1 1196 581
0  
0  
0  
0  
0  
0  
0  
0  
0  
0  
0  
0  
1  mb 1 0 1196 581
1 af 85 
1 af 86 
1 af 87 
0  
0  
0  
0  
0  
0  
0  
0  
0  
0  
0  
0  
0  
1 T 1523748260.085000 
0  
0  
0  
0  
0  
0  
0  
0  
0  
0  
0  
0  
0  
0  
0  
0  
0  
0  
0  
0  
0  
0  
0  
0  
0  
0  
1  mm 1226 581
1  mm 1270 583
1  mm 1285 585
1  mm 1307 592
1  mm 1320 598
1  mm 1329 601
1  mm 1337 608
1  mm 1342 613
1  mm 1355 622
1  mm 1359 627
1  mm 1364 632
1  mm 1370 638
1  mm 1373 642
1  mm 1376 645
1  mm 1379 651
1  mm 1380 654
1  mm 1385 662
1  mm 1388 666
1  mm 1393 675
1  mm 1401 690
1  mm 1404 699
1  mm 1407 705
1  mm 1411 713
1  mm 1412 718
1  mm 1414 721
1  mm 1415 724
1  mm 1415 725
1  mm 1415 729
1  mm 1415 732
1  mm 1415 734
1  mm 1415 738
0  
1  mm 1415 741
0  
1  mm 1415 742
0  
0  
0  
0  
0  
0  
0  
0  
0  
0  
0  
1  mb 1 1 1415 742
0  
0  
0  
0  
0  
0  
0  
0  
0  
0  
0  
0  
0  
1  mb 1 0 1415 742
0  
0  
0  
0  
0  
0  
0  
0  
0  
0  
0  
0  
1 T 1523748261.685000 
0  
0  
0  
0  
0  
0  
0  
0  
0  
0  
0  
0  
0  
0  
0  
0  
0  
0  
0  
0  
0  
0  
0  
0  
0  
0  
0  
0  
0  
0  
0  
0  
0  
0  
0  
0  
0  
0  
0  
1  mm 1415 740
1  mm 1415 732
1  mm 1415 724
1  mm 1415 721
1  mm 1415 717
1  mm 1415 714
1  mm 1415 712
1  mm 1415 710
0  
1  mm 1415 708
1  mm 1413 707
1  mm 1413 705
1  mm 1412 703
1  mm 1409 697
1  mm 1406 690
1  mm 1402 681
1  mm 1395 669
1  mm 1390 660
1  mm 1384 645
1  mm 1379 636
1  mm 1374 627
1  mm 1371 620
1  mm 1367 613
1  mm 1366 608
1  mm 1363 604
1  mm 1361 600
1  mm 1361 597
1  mm 1360 594
1  mm 1360 591
1  mm 1360 587
1  mm 1360 585
1  mm 1360 582
1  mm 1360 578
1  mm 1360 577
1  mm 1360 575
1  mm 1360 574
1  mm 1360 573
1  mm 1362 571
1  mm 1363 568
1  mm 1365 567
1  mm 1365 565
1  mm 1365 564
1  mm 1365 563
1  mm 1365 561
1  mm 1366 560
1  mm 1368 558
1  mm 1369 555
1  mm 1371 551
1  mm 1373 509
1  mm 1373 466
1  mm 1373 447
1  mm 1373 439
1  mm 1373 434
1  mm 1373 433
1  mm 1373 430
0  
1  mm 1373 429
1  mm 1373 426
0  
1  mm 1372 426
1 T 1523748263.286000 
0  
0  
0  
1  mm 1371 426
0  
0  
0  
0  
1  mm 1369 426
0  
0  
0  
0  
0  
1  mm 1368 426
1  mm 1367 426
1  mm 1365 428
1  mm 1364 430
1  mm 1362 433
1  mm 1361 436
1  mm 1359 439
1  mm 1358 442
1  mm 1358 445
0  
1  mm 1358 447
0  
1  mm 1357 449
0  
1  mm 1355 449
0  
0  
0  
0  
0  
0  
0  
0  
0  
0  
0  
0  
0  
0  
0  
0  
0  
0  
0  
0  
0  
0  
0  
0  
0  
0  
0  
0  
0  
0  
0  
0  
0  
0  
0  
0  
0  
0  
0  
0  
0  
0  
0  
0  
0  
0  
0  
0  
0  
0  
0  
0  
0  
1  mm 1354 450
0  
1  mm 1352 450
1  mm 1351 453
1  mm 1350 453
1  mm 1348 456
1  mm 1345 459
1  mm 1342 460
1  mm 1333 462
1  mm 1326 461
1  mm 1319 458
1  mm 1311 451
1  mm 1306 444
1  mm 1301 436
1  mm 1300 434
1  mm 1299 429
1  mm 1297 423
2 T 1523748264.887000 mm 1296 420
1  mm 1294 416
1  mm 1291 412
1  mm 1288 409
1  mm 1285 406
1  mm 1284 404
1  mm 1283 402
0  
0  
0  
0  
0  
0  
0  
0  
0  
0  
0  
0  
0  
0  
0  
0  
0  
0  
0  
0  
1  mm 1269 387
1  mm 1244 362
1  mm 1208 328
1  mm 1195 314
1  mm 1180 301
1  mm 1173 294
1  mm 1168 289
1  mm 1160 278
1  mm 1155 275
1  mm 1152 271
1  mm 1148 268
1  mm 1146 265
1  mm 1143 264
1  mm 1143 262
1  mm 1141 261
1  mm 1139 259
1  mm 1139 258
0  
0  
0  
0  
0  
0  
0  
0  
0  
0  
0  
0  
0  
0  
0  
0  
0  
0  
0  
0  
0  
0  
0  
0  
0  
0  
1  mm 1138 258
1  mm 1136 258
1  mm 1135 258
1  mm 1133 258
0  
0  
0  
0  
0  
0  
0  
0  
0  
0  
0  
0  
0  
0  
0  
0  
0  
0  
0  
0  
0  
0  
0  
0  
0  
0  
1 T 1523748266.486000 
0  
0  
0  
0  
0  
0  
0  
0  
0  
0  
0  
0  
0  
0  
0  
0  
0  
0  
0  
0  
0  
0  
0  
0  
0  
0  
0  
0  
0  
0  
0  
0  
0  
0  
0  
0  
0  
0  
0  
0  
0  
0  
0  
0  
0  
0  
0  
0  
0  
0  
0  
0  
0  
0  
0  
0  
0  
0  
0  
0  
0  
0  
0  
0  
0  
0  
0  
0  
0  
0  
0  
0  
0  
0  
0  
0  
0  
0  
0  
0  
0  
0  
0  
0  
0  
0  
0  
0  
0  
0  
0  
0  
0  
0  
0  
0  
0  
0  
0  
1 T 1523748268.088000 
0  
0  
0  
0  
0  
0  
0  
0  
0  
0  
0  
0  
0  
0  
0  
0  
1  mm 1132 269
1  mm 1130 279
1  mm 1128 290
1  mm 1125 300
1  mm 1123 305
1  mm 1122 308
1  mm 1120 312
1  mm 1120 313
1  mm 1120 316
0  
1  mm 1120 318
1  mm 1119 318
1  mm 1118 319
0  
0  
0  
0  
0  
0  
0  
0  
0  
0  
0  
0  
0  
0  
0  
0  
0  
0  
0  
1  sd 117 1118 319
0  
0  
0  
0  
0  
0  
0  
0  
0  
0  
0  
0  
0  
0  
0  
2 v su 117 1118 319
1 v 
1 v 
1 v 
1 v 
1 v 
1 v 
1 v 
1 v 
1 v 
1 v 
1 v 
1 v 
1 v 
1 v 
1 v 
1 v 
1 v 
1 v 
1 v 
1 v 
1 v 
1 v 
1 v 
1 v 
1 v 
1 v 
1 v 
1 v 
1 v 
1 v 
1 v 
1 v 
1 v 
1 v 
2 T 1523748273.653000 v 
1 v 
1 v 
1 v 
1 v 
1 v 
1 v 
1 v 
1 v 
1 v 
1 v 
1 v 
1 v 
1 v 
1 v 
1 v 
1 v 
1 v 
1 v 
1 v 
1 v 
1 v 
1 v 
1 v 
1 v 
1 v 
1 v 
1 v 
1 v 
1 v 
1 v 
1 v 
1 v 
1 v 
1 v 
1 v 
1 v 
1 v 
1 v 
1 v 
1 v 
1 v 
1 v 
1 v 
1 v 
1 v 
1 v 
1 v 
1 v 
1 v 
1 v 
1 v 
1 v 
1 v 
1 v 
1 v 
1 v 
1 v 
1 v 
1 v 
1 v 
1 v 
1 v 
1 v 
1 v 
1 v 
1 v 
1 v 
1 v 
1 v 
1 v 
1 v 
1 v 
1 v 
1 v 
1 v 
1 v 
1 v 
1 v 
1 v 
1 v 
1 v 
1 v 
1 v 
1 v 
1 v 
1 v 
1 v 
1 v 
1 v 
1 v 
1 v 
1 v 
1 v 
1 v 
1 v 
1 v 
1 v 
1 v 
1 v 
2 T 1523748285.378000 v 
1 v 
1 v 
1 v 
1 v 
1 v 
1 v 
1 v 
1 v 
1 v 
1 v 
1 v 
1 v 
1 v 
1 v 
1 v 
1 v 
1 v 
1 v 
1 v 
1 v 
1 v 
1 v 
1 v 
1 v 
1 v 
1 v 
1 v 
1 v 
1 v 
1 v 
1 v 
1 v 
1 v 
1 v 
1 v 
1 v 
1 v 
1 v 
1 v 
1 v 
1 v 
1 v 
1 v 
1 v 
1 v 
1 v 
1 v 
1 v 
1 v 
1 v 
1 v 
1 v 
1 v 
1 v 
1 v 
1 v 
1 v 
1 v 
1 v 
1 v 
1 v 
1 v 
1 v 
1 v 
1 v 
1 v 
1 v 
1 v 
1 v 
1 v 
1 v 
1 v 
1 v 
1 v 
1 v 
1 v 
1 v 
1 v 
1 v 
1 v 
1 v 
1 v 
1 v 
1 v 
1 v 
1 v 
1 v 
1 v 
1 v 
1 v 
1 v 
1 v 
1 v 
1 v 
1 v 
1 v 
1 v 
1 v 
1 v 
2 T 1523748297.131000 v 
1 v 
1 v 
1 v 
1 v 
1 v 
1 v 
1 v 
1 v 
1 v 
1 v 
1 v 
1 v 
1 v 
1 v 
1 v 
1 v 
1 v 
1 v 
1 v 
1 v 
1 v 
1 v 
1 v 
1 v 
1 v 
1 v 
1 v 
1 v 
1 v 
1 v 
1 v 
1 v 
1 v 
1 v 
1 v 
1 v 
1 v 
1 v 
1 v 
1 v 
1 v 
1 v 
1 v 
1 v 
1 v 
1 v 
1 v 
1 v 
1 v 
1 v 
1 v 
1 v 
1 v 
1 v 
1 v 
1 v 
1 v 
1 v 
1 v 
1 v 
1 v 
1 v 
1 v 
1 v 
1 v 
1 v 
1 v 
1 v 
1 v 
1 v 
1 v 
1 v 
1 v 
1 v 
1 v 
1 v 
1 v 
1 v 
1 v 
1 v 
1 v 
1 v 
1 v 
1 v 
1 v 
1 v 
1 v 
1 v 
1 v 
1 v 
1 v 
1 v 
1 v 
1 v 
1 v 
1 v 
1 v 
1 v 
1 v 
2 T 1523748325.013000 v 
1 v 
1 v 
1 v 
1 v 
1 v 
1 v 
1 v 
1 v 
1 v 
1 v 
1 v 
1 v 
1 v 
1 v 
1 v 
1 v 
1 v 
1 v 
1 v 
1 v 
1 v 
1 v 
1 v 
1 v 
1 v 
1 v 
1 v 
1 v 
1 v 
1 v 
1 v 
1 v 
1 v 
1 v 
1 v 
1 v 
1 v 
1 v 
1 v 
1 v 
1 v 
1 v 
1 v 
1 v 
1 v 
1 v 
1 v 
1 v 
1 v 
1 v 
1 v 
1 v 
1 v 
1 v 
1 v 
1 v 
0  
1  mm 731 549
0  
1  sd 113 731 549
0  
0  
1  kd 37 731 549
