1523734664 seed, 60 fps, 1920x1080, fullScreen=1, version75_mouseSpeed1.000000_musicOff0_musicLoudness1.000000_webRetrySeconds16 BC3D5E7F7F79892FF6B0487E89DDE795D6A445C6
2 T 1523734664.603000 mm 1093 615
0  
0  
0  
0  
0  
0  
0  
0  
0  
0  
0  
0  
0  
0  
0  
0  
0  
0  
0  
0  
0  
0  
0  
0  
0  
0  
0  
0  
0  
0  
0  
0  
0  
0  
0  
0  
0  
0  
0  
0  
0  
0  
0  
0  
0  
0  
0  
0  
0  
0  
0  
0  
0  
0  
0  
0  
0  
0  
0  
0  
0  
0  
0  
0  
4  mb 1 1 1093 615 mb 1 0 1093 615 mb 1 1 1093 615 mb 1 0 1093 615
0  
0  
0  
0  
0  
0  
0  
0  
0  
0  
0  
0  
0  
0  
0  
0  
0  
0  
0  
0  
0  
0  
0  
0  
0  
0  
0  
0  
0  
0  
0  
0  
0  
1 T 1523734670.727000 
0  
0  
0  
0  
0  
0  
0  
0  
0  
0  
0  
0  
0  
0  
2 T 1523734675.554000 T 1523734675.557000 
1 T 1523734675.572000 
0  
1 T 1523734675.602000 
1 T 1523734675.617000 
1 T 1523734675.634000 
1 T 1523734675.650000 
1 T 1523734675.666000 
1 T 1523734675.682000 
1 T 1523734675.698000 
1 T 1523734675.714000 
1 T 1523734675.730000 
1 T 1523734675.746000 
1 T 1523734675.761000 
1 T 1523734675.778000 
1 T 1523734675.794000 
1 T 1523734675.809000 
1 T 1523734675.826000 
1 T 1523734675.842000 
1 T 1523734675.857000 
1 T 1523734675.874000 
1 T 1523734675.889000 
1 T 1523734675.905000 
1 T 1523734675.921000 
1 T 1523734675.938000 
1 T 1523734675.954000 
1 T 1523734675.969000 
1 T 1523734675.985000 
1 T 1523734676.002000 
1 T 1523734676.017000 
1 T 1523734676.034000 
1 T 1523734676.049000 
1 T 1523734676.065000 
1 T 1523734676.082000 
1 T 1523734676.098000 
1 T 1523734676.113000 
1 T 1523734676.129000 
1 T 1523734676.146000 
1 T 1523734676.161000 
1 T 1523734676.178000 
1 T 1523734676.194000 
1 T 1523734676.209000 
1 T 1523734676.225000 
1 T 1523734676.242000 
1 T 1523734676.258000 
1 T 1523734676.274000 
1 T 1523734676.289000 
1 T 1523734676.306000 
1 T 1523734676.321000 
1 T 1523734676.337000 
1 T 1523734676.354000 
1 T 1523734676.369000 
1 T 1523734676.386000 
1 T 1523734676.401000 
1 T 1523734676.418000 
1 T 1523734676.433000 
1 T 1523734676.449000 
1 T 1523734676.465000 
1 T 1523734676.481000 
1 T 1523734676.497000 
1 T 1523734676.515000 
1 T 1523734676.530000 
1 T 1523734676.545000 
1 T 1523734676.561000 
5 T 1523734676.577000 xs 0 2 15 534E0A302F3230300A350A37350A23 xs 0 2 0 xs 0 0 7 xs 0 0 169 
2 T 1523734676.594000 xs 0 2 0 
3 T 1523734676.609000 xs 0 2 10 41434345505445440A23 xs 0 2 0 
