1523750519 seed, 60 fps, 1920x1080, fullScreen=1, version60_mouseSpeed1.000000_musicOff0_musicLoudness1.000000_webRetrySeconds16 6AE1F26D71B23CC4993473343583E646F47A27A7
2 T 1523750519.519000 mm 418 650
0  
0  
0  
0  
0  
0  
0  
0  
0  
0  
0  
0  
0  
0  
0  
0  
0  
0  
0  
0  
0  
0  
0  
0  
0  
0  
0  
0  
0  
0  
0  
0  
0  
0  
0  
0  
0  
0  
0  
0  
0  
0  
0  
0  
0  
0  
0  
0  
0  
0  
0  
0  
0  
0  
0  
0  
0  
0  
0  
0  
0  
0  
0  
0  
0  
0  
0  
0  
0  
0  
0  
0  
0  
0  
0  
0  
0  
0  
0  
0  
0  
0  
0  
0  
0  
0  
0  
0  
0  
0  
0  
0  
0  
0  
0  
0  
0  
0  
1 T 1523750522.389000 
0  
0  
0  
0  
0  
0  
0  
0  
0  
0  
0  
0  
0  
0  
0  
0  
2 af 0 af 3 
1 af 1 
1 af 2 
1 af 4 
0  
0  
0  
0  
0  
0  
0  
0  
0  
0  
0  
0  
0  
0  
0  
0  
0  
0  
0  
0  
0  
0  
0  
0  
0  
0  
0  
0  
0  
0  
0  
0  
0  
0  
0  
0  
0  
0  
0  
0  
0  
0  
0  
0  
0  
0  
0  
0  
0  
0  
0  
0  
0  
0  
0  
0  
0  
0  
0  
0  
0  
0  
0  
1  mm 446 575
1  mm 465 527
1  mm 483 464
1  mm 493 429
1  mm 512 351
1  mm 533 299
1  mm 551 269
1  mm 574 237
1  mm 588 216
1  mm 599 201
1  mm 604 192
1  mm 609 187
1  mm 615 181
1  mm 618 178
1  mm 621 175
1  mm 627 172
2 T 1523750524.615000 mm 634 168
1  mm 655 158
1  mm 674 151
1  mm 690 147
1  mm 715 144
1  mm 729 142
1  mm 747 140
1  mm 765 141
1  mm 789 143
1  mm 825 153
1  mm 838 156
1  mm 853 166
1  mm 862 175
1  mm 872 189
1  mm 890 220
1  mm 899 240
1  mm 905 253
1  mm 908 264
1  mm 908 270
1  mm 910 273
1  mm 910 279
1  mm 910 280
1  mm 910 281
1  mm 910 283
1  mm 911 284
0  
1  mm 914 284
1  mm 920 282
1  mm 935 277
1  mm 943 275
1  mm 954 273
1  mm 964 271
1  mm 973 271
1  mm 980 272
1  mm 985 272
1  mm 988 272
1  mm 991 272
1  mm 992 272
0  
0  
0  
0  
0  
0  
0  
0  
0  
0  
0  
0  
0  
1  mb 1 1 992 272
0  
0  
0  
0  
0  
0  
0  
0  
0  
0  
0  
0  
1  mb 1 0 992 272
5 af 5 af 8 af 11 af 14 af 17 
3 af 6 af 10 af 15 
2 af 7 af 13 
2 af 9 af 18 
1 af 12 
1 af 16 
0  
0  
0  
0  
0  
0  
0  
0  
0  
0  
0  
1  mm 1069 292
1  mm 1174 310
1  mm 1202 316
1  mm 1215 321
1  mm 1238 323
1  mm 1276 326
1  mm 1334 333
1  mm 1345 335
1  mm 1351 335
1  mm 1357 335
1  mm 1358 335
1  mm 1361 335
1  mm 1363 335
1  mm 1364 335
0  
1  mm 1364 337
1  mm 1362 338
1  mm 1314 343
2 T 1523750526.240000 mm 1168 374
1  mm 1106 393
1  mm 906 424
1  mm 837 433
1  mm 743 441
1  mm 728 441
1  mm 717 441
1  mm 697 437
1  mm 688 433
1  mm 679 430
1  mm 669 426
1  mm 662 423
1  mm 654 417
1  mm 651 415
1  mm 648 414
1  mm 645 411
1  mm 644 411
1  mm 642 411
1  mm 641 411
1  mm 640 411
0  
1  mm 637 411
1  mm 634 413
1  mm 622 415
1  mm 609 415
1  mm 590 414
1  mm 582 412
1  mm 577 410
1  mm 574 411
1  mm 572 411
0  
0  
0  
0  
0  
0  
0  
0  
0  
0  
0  
0  
1  mb 1 1 572 411
0  
0  
0  
0  
0  
0  
0  
0  
0  
0  
0  
0  
1  mb 1 0 572 411
0  
0  
0  
0  
0  
0  
0  
0  
0  
0  
0  
0  
0  
0  
0  
0  
0  
0  
0  
0  
0  
0  
0  
0  
0  
0  
0  
0  
0  
0  
0  
0  
0  
0  
0  
0  
0  
0  
0  
0  
0  
0  
1  mm 585 411
1  mm 605 411
2 T 1523750527.841000 mm 723 411
1  mm 786 411
1  mm 842 423
1  mm 895 429
1  mm 943 437
1  mm 979 448
1  mm 1002 455
1  mm 1062 460
1  mm 1096 462
1  mm 1113 464
1  mm 1129 464
1  mm 1142 464
1  mm 1154 464
1  mm 1177 460
1  mm 1186 456
1  mm 1193 453
1  mm 1197 452
1  mm 1200 452
1  mm 1203 449
1  mm 1204 447
1  mm 1207 446
1  mm 1208 446
1  mm 1208 444
1  mm 1198 443
1  mm 1171 438
1  mm 1117 430
1  mm 1030 428
1  mm 970 428
1  mm 949 428
1  mm 942 428
1  mm 936 428
1  mm 918 428
1  mm 891 428
1  mm 853 423
1  mm 819 423
1  mm 803 423
2  mm 783 423 mm 772 423
1  mm 745 423
1  mm 708 423
1  mm 685 423
1  mm 672 425
1  mm 666 425
1  mm 654 429
1  mm 647 430
1  mm 642 432
1  mm 631 435
1  mm 624 439
1  mm 617 444
1  mm 604 449
1  mm 597 454
1  mm 589 461
1  mm 584 468
1  mm 579 473
1  mm 569 480
1  mm 566 484
1  mm 561 486
1  mm 557 490
1  mm 554 491
1  mm 553 493
1  mm 550 494
1  mm 548 496
2  mm 548 497 mm 547 497
1  mm 546 497
0  
0  
0  
0  
0  
0  
0  
0  
0  
0  
0  
0  
0  
0  
1  mb 1 1 546 497
0  
0  
0  
0  
0  
0  
0  
0  
0  
0  
0  
0  
1  mb 1 0 546 497
0  
0  
0  
0  
0  
0  
0  
0  
0  
1 T 1523750529.443000 
0  
0  
0  
0  
0  
0  
0  
0  
0  
0  
0  
0  
0  
0  
0  
0  
0  
0  
0  
0  
0  
1  mm 719 452
1  mm 972 420
1  mm 1094 406
1  mm 1151 405
1  mm 1217 400
1  mm 1284 392
1  mm 1318 387
1  mm 1353 382
1  mm 1384 380
1  mm 1401 373
1  mm 1411 372
1  mm 1414 370
1  mm 1417 369
1  mm 1418 369
1  mm 1419 367
0  
0  
0  
0  
0  
0  
0  
0  
0  
0  
0  
0  
0  
0  
0  
0  
1  mm 1417 371
1  mm 1407 388
1  mm 1397 402
1  mm 1388 413
1  mm 1385 417
1  mm 1380 422
1  mm 1380 425
1  mm 1378 425
0  
0  
0  
0  
0  
0  
0  
0  
0  
0  
0  
0  
0  
1  mb 1 1 1378 425
0  
0  
0  
0  
0  
0  
0  
0  
0  
0  
0  
0  
0  
1  mb 1 0 1378 425
2 af 19 af 20 
2 af 21 af 22 
2 af 23 af 24 
2 af 25 af 26 
2 af 27 af 28 
0  
0  
0  
0  
0  
0  
1 T 1523750531.041000 
0  
0  
0  
0  
0  
0  
0  
0  
0  
0  
0  
0  
0  
0  
0  
0  
0  
0  
0  
0  
0  
0  
0  
0  
0  
0  
0  
0  
0  
0  
0  
0  
0  
0  
0  
0  
0  
0  
0  
0  
0  
0  
0  
0  
0  
0  
0  
0  
0  
0  
0  
0  
0  
0  
0  
0  
0  
0  
0  
0  
0  
0  
0  
0  
0  
0  
0  
0  
0  
0  
0  
1  mm 1378 428
1  mm 1378 431
1  mm 1378 433
1  mm 1378 436
1  mm 1378 438
1  mm 1378 439
1  mm 1378 440
0  
1  mm 1378 442
0  
1  mm 1378 443
0  
0  
1  mm 1378 445
0  
0  
0  
1  mm 1378 446
1  mm 1378 448
1  mm 1378 449
1  mm 1378 450
1  mm 1378 452
1  mm 1378 453
1  mm 1378 456
1  mm 1378 459
1  mm 1378 460
1  mm 1378 465
1  mm 1378 468
2 T 1523750532.642000 mm 1378 469
1  mm 1378 470
1  mm 1378 472
1  mm 1378 473
1  mm 1378 475
0  
1  mm 1378 476
1  mm 1378 477
1  mm 1378 479
0  
0  
0  
0  
0  
0  
0  
0  
0  
0  
0  
1  mb 1 1 1378 479
0  
0  
0  
0  
0  
0  
0  
0  
0  
0  
0  
0  
1  mb 1 0 1378 479
0  
0  
0  
0  
0  
0  
0  
0  
0  
0  
0  
0  
0  
0  
0  
0  
0  
0  
1  mm 1378 482
1  mm 1376 498
1  mm 1376 507
1  mm 1374 515
1  mm 1374 523
1  mm 1374 526
1  mm 1374 532
1  mm 1374 535
1  mm 1374 537
1  mm 1374 540
1  mm 1374 543
1  mm 1374 544
1  mm 1374 546
1  mm 1374 547
0  
1  mm 1374 549
0  
0  
0  
0  
0  
0  
0  
0  
0  
0  
0  
0  
0  
0  
0  
0  
0  
1  mb 1 1 1374 549
0  
0  
0  
0  
0  
0  
0  
0  
0  
0  
0  
0  
0  
1  mb 1 0 1374 549
1 T 1523750534.243000 
0  
0  
0  
0  
0  
0  
0  
0  
0  
0  
0  
0  
0  
0  
0  
0  
0  
0  
0  
1  mm 1374 550
1  mm 1374 553
1  mm 1374 557
1  mm 1374 563
1  mm 1372 566
1  mm 1372 572
1  mm 1372 573
1  mm 1372 576
1  mm 1372 579
0  
1  mm 1372 581
1  mm 1372 583
0  
1  mm 1371 585
0  
0  
0  
0  
0  
0  
0  
0  
0  
0  
0  
0  
0  
0  
1  mb 1 1 1371 585
0  
0  
0  
0  
0  
0  
0  
0  
0  
0  
0  
0  
1  mb 1 0 1371 585
2 af 29 af 30 
0  
0  
0  
0  
0  
0  
0  
0  
0  
0  
0  
0  
0  
0  
0  
0  
0  
1  mm 1372 593
1  mm 1374 604
1  mm 1375 611
1  mm 1375 619
1  mm 1377 625
1  mm 1378 628
1  mm 1378 634
1  mm 1380 636
1  mm 1383 639
1  mm 1383 642
1  mm 1383 645
1  mm 1383 649
0  
0  
0  
0  
0  
0  
0  
0  
1 T 1523750535.843000 
0  
0  
0  
0  
1  mb 1 1 1383 649
0  
0  
0  
0  
0  
0  
0  
0  
0  
0  
0  
0  
1  mb 1 0 1383 649
2 af 31 af 32 
0  
0  
0  
0  
0  
0  
0  
0  
0  
0  
0  
0  
0  
0  
0  
1  mm 1383 651
1  mm 1384 657
1  mm 1386 667
1  mm 1388 676
1  mm 1389 684
1  mm 1393 695
1  mm 1396 701
1  mm 1399 709
1  mm 1402 714
1  mm 1405 717
1  mm 1407 723
1  mm 1408 725
1  mm 1408 728
1  mm 1411 730
1  mm 1412 731
1  mm 1412 733
1  mm 1412 734
0  
0  
0  
0  
0  
0  
0  
0  
0  
0  
0  
0  
0  
0  
0  
0  
0  
0  
0  
0  
0  
1  mb 1 1 1412 734
0  
0  
0  
0  
0  
0  
0  
0  
0  
0  
0  
0  
0  
1  mb 1 0 1412 734
2 af 33 af 36 
1 af 34 
1 af 35 
1 af 37 
0  
0  
0  
0  
0  
0  
0  
0  
1 T 1523750537.443000 
0  
0  
0  
1  mm 1406 703
1  mm 1384 618
1  mm 1377 580
1  mm 1370 555
1  mm 1364 533
1  mm 1362 524
1  mm 1360 519
1  mm 1357 505
1  mm 1353 496
1  mm 1350 486
1  mm 1348 480
1  mm 1346 471
1  mm 1345 463
1  mm 1343 459
1  mm 1343 451
1  mm 1343 447
1  mm 1343 440
1  mm 1343 434
1  mm 1343 432
1  mm 1344 427
1  mm 1344 426
1  mm 1344 425
1  mm 1344 422
1  mm 1345 420
1  mm 1345 419
1  mm 1345 416
0  
0  
0  
0  
0  
0  
0  
0  
0  
1  mb 1 1 1345 416
0  
0  
0  
0  
0  
0  
0  
0  
0  
0  
0  
0  
1  mb 1 0 1345 416
1 af 38 
2 af 38 af 39 
0  
0  
0  
0  
0  
0  
0  
0  
0  
0  
0  
0  
0  
0  
0  
0  
0  
0  
0  
0  
0  
0  
0  
0  
0  
0  
0  
0  
0  
0  
0  
1  mm 1345 422
1  mm 1345 425
1  mm 1345 431
1  mm 1345 435
1  mm 1345 438
1  mm 1345 443
1  mm 1345 446
1  mm 1345 448
1  mm 1345 450
1  mm 1345 451
1  mm 1345 452
0  
0  
0  
1 T 1523750539.043000 
0  
0  
0  
0  
0  
0  
0  
0  
1  mb 1 1 1345 452
0  
0  
0  
0  
0  
0  
0  
0  
0  
0  
0  
0  
1  mb 1 0 1345 452
0  
0  
0  
0  
0  
0  
0  
0  
0  
0  
0  
0  
0  
0  
0  
0  
0  
0  
0  
0  
0  
0  
0  
0  
0  
1  mm 1347 456
1  mm 1348 465
1  mm 1352 479
1  mm 1354 488
1  mm 1357 496
1  mm 1359 506
1  mm 1361 511
1  mm 1362 516
1  mm 1364 522
1  mm 1365 526
1  mm 1367 529
1  mm 1367 533
1  mm 1367 536
1  mm 1367 539
1  mm 1367 542
1  mm 1367 543
1  mm 1370 547
0  
0  
0  
0  
0  
0  
0  
0  
0  
0  
0  
0  
0  
1  mb 1 1 1370 547
0  
0  
0  
0  
0  
0  
0  
0  
0  
0  
0  
0  
1  mb 1 0 1370 547
1 af 40 
2 af 40 af 41 
2 af 42 af 43 
0  
0  
0  
0  
0  
1 T 1523750540.644000 
0  
0  
0  
0  
0  
0  
0  
0  
0  
0  
0  
0  
0  
0  
0  
0  
0  
0  
1  mm 1370 552
1  mm 1370 555
1  mm 1370 559
1  mm 1371 562
1  mm 1373 568
1  mm 1374 576
1  mm 1376 579
1  mm 1377 583
1  mm 1377 589
1  mm 1377 592
1  mm 1377 596
1  mm 1377 599
1  mm 1377 601
1  mm 1377 602
1  mm 1377 604
0  
0  
0  
0  
0  
0  
0  
0  
0  
0  
0  
0  
0  
0  
0  
1  mb 1 1 1377 604
0  
0  
0  
0  
0  
0  
0  
0  
0  
0  
0  
0  
0  
1  mb 1 0 1377 604
0  
0  
0  
0  
0  
0  
0  
0  
0  
0  
0  
0  
0  
0  
0  
0  
0  
0  
0  
0  
0  
1  mm 1377 608
1  mm 1380 616
1  mm 1380 621
1  mm 1383 630
1  mm 1385 635
1  mm 1386 639
1  mm 1388 645
1  mm 1389 648
2  mm 1389 650 mm 1389 651
1  mm 1389 654
1  mm 1389 655
1  mm 1389 657
1  mm 1389 658
1  mm 1389 660
1  mm 1389 661
1 T 1523750542.245000 
0  
1  mm 1391 661
0  
0  
0  
0  
0  
0  
0  
0  
0  
0  
0  
0  
0  
1  mb 1 1 1391 661
0  
0  
0  
0  
0  
0  
0  
0  
0  
0  
0  
0  
0  
1  mb 1 0 1391 661
0  
0  
0  
0  
0  
0  
0  
0  
0  
0  
0  
0  
0  
0  
0  
0  
0  
0  
1  mm 1391 662
1  mm 1391 668
1  mm 1391 673
1  mm 1392 681
1  mm 1394 687
1  mm 1394 692
1  mm 1397 698
1  mm 1399 702
1  mm 1399 707
1  mm 1400 711
1  mm 1400 716
1  mm 1400 718
1  mm 1400 721
0  
1  mm 1400 724
1  mm 1400 725
0  
1  mm 1402 727
0  
0  
0  
0  
0  
0  
0  
0  
0  
0  
0  
0  
0  
0  
0  
0  
0  
0  
1  mm 1403 728
1  mm 1406 730
0  
1  mm 1407 731
1  mm 1410 733
0  
0  
0  
0  
0  
0  
0  
0  
0  
0  
1 T 1523750543.845000 
0  
0  
0  
0  
0  
0  
1  mb 1 1 1410 733
0  
0  
0  
0  
0  
0  
0  
0  
0  
0  
0  
0  
1  mb 1 0 1410 733
4 af 44 af 47 af 50 af 53 
2 af 45 af 49 
2 af 46 af 52 
1 af 48 
1 af 51 
0  
0  
0  
0  
0  
0  
0  
0  
0  
1  mm 1409 725
1  mm 1389 617
1  mm 1380 550
1  mm 1370 492
1  mm 1368 481
1  mm 1368 474
1  mm 1365 470
1  mm 1365 467
1  mm 1365 466
1  mm 1365 462
1  mm 1365 460
1  mm 1365 454
1  mm 1365 451
1  mm 1365 447
1  mm 1365 441
1  mm 1365 438
1  mm 1365 434
1  mm 1365 431
1  mm 1365 430
1  mm 1365 428
1  mm 1365 427
1  mm 1365 425
1  mm 1365 424
1  mm 1365 423
1  mm 1365 421
1  mm 1365 418
1  mm 1366 416
1  mm 1367 411
1  mm 1369 408
1  mm 1372 402
1  mm 1372 401
1  mm 1373 398
1  mm 1375 395
0  
0  
0  
0  
0  
0  
0  
0  
0  
0  
1  mb 1 1 1375 395
0  
0  
0  
0  
0  
0  
0  
0  
0  
0  
0  
0  
1  mb 1 0 1375 395
0  
0  
0  
0  
0  
0  
0  
0  
1 T 1523750545.446000 
0  
0  
0  
0  
0  
0  
0  
0  
1  mm 1375 399
1  mm 1374 403
1  mm 1373 411
1  mm 1373 417
1  mm 1371 425
1  mm 1371 430
1  mm 1371 434
1  mm 1371 440
1  mm 1370 443
1  mm 1370 447
1  mm 1370 450
1  mm 1370 453
1  mm 1370 456
1  mm 1370 459
1  mm 1370 461
1  mm 1370 464
1  mm 1370 467
1  mm 1370 470
1  mm 1368 473
0  
0  
0  
0  
0  
0  
0  
0  
0  
0  
0  
0  
0  
0  
1  mb 1 1 1368 473
0  
0  
0  
0  
0  
0  
0  
0  
0  
0  
0  
0  
0  
1  mb 1 0 1368 473
0  
0  
0  
0  
0  
0  
0  
0  
0  
0  
0  
0  
0  
0  
0  
0  
0  
0  
1  mm 1368 474
1  mm 1368 477
1  mm 1368 483
1  mm 1368 487
1  mm 1368 490
1  mm 1368 496
1  mm 1368 499
1  mm 1368 505
1  mm 1368 509
1  mm 1368 512
1  mm 1368 515
1  mm 1368 516
1  mm 1368 518
1  mm 1368 521
1  mm 1368 523
0  
0  
0  
0  
0  
0  
0  
0  
0  
0  
1 T 1523750547.047000 
0  
0  
0  
0  
1  mb 1 1 1368 523
0  
0  
0  
0  
0  
0  
0  
0  
0  
0  
0  
0  
1  mb 1 0 1368 523
0  
0  
0  
0  
0  
0  
0  
0  
0  
0  
0  
0  
0  
0  
0  
0  
0  
1  mm 1368 525
1  mm 1368 531
1  mm 1368 539
1  mm 1368 545
1  mm 1368 552
1  mm 1368 559
1  mm 1368 566
1  mm 1368 570
1  mm 1368 576
1  mm 1368 581
1  mm 1368 586
1  mm 1368 589
1  mm 1368 593
1  mm 1369 596
1  mm 1369 598
1  mm 1369 601
1  mm 1369 602
0  
0  
1  mm 1369 603
0  
0  
0  
0  
0  
0  
0  
0  
0  
0  
0  
0  
0  
0  
0  
0  
1  mb 1 1 1369 603
0  
0  
0  
0  
0  
0  
0  
0  
0  
0  
0  
0  
1  mb 1 0 1369 603
2 af 54 af 55 
0  
0  
0  
0  
0  
0  
0  
0  
0  
0  
0  
0  
0  
1 T 1523750548.647000 
0  
0  
0  
0  
0  
1  mm 1369 606
1  mm 1369 611
1  mm 1369 612
1  mm 1370 615
1  mm 1370 618
1  mm 1371 621
1  mm 1371 623
1  mm 1371 626
0  
1  mm 1371 629
1  mm 1371 632
1  mm 1373 638
1  mm 1374 641
1  mm 1374 645
2  mm 1374 648 mm 1374 649
1  mm 1374 652
1  mm 1374 655
1  mm 1374 658
0  
1  mm 1374 659
1  mm 1374 662
0  
0  
0  
0  
0  
0  
0  
0  
0  
0  
0  
0  
0  
0  
0  
0  
1  mb 1 1 1374 662
0  
0  
0  
0  
0  
0  
0  
0  
0  
0  
0  
0  
1  mb 1 0 1374 662
0  
0  
0  
0  
0  
0  
0  
0  
0  
0  
0  
0  
0  
0  
0  
1  mm 1374 664
1  mm 1377 668
1  mm 1384 677
1  mm 1389 682
1  mm 1392 685
1  mm 1398 691
1  mm 1403 694
1  mm 1407 698
1  mm 1410 699
1  mm 1411 702
1  mm 1416 707
1  mm 1419 708
1  mm 1421 712
1  mm 1423 715
1  mm 1424 715
1  mm 1426 718
1  mm 1427 719
1  mm 1429 721
1  mm 1430 722
1  mm 1431 724
1  mm 1433 725
1  mm 1434 726
1  mm 1434 728
1  mm 1434 729
1  mm 1436 731
1  mm 1436 732
1  mm 1436 734
0  
1 T 1523750550.248000 
0  
0  
1  mm 1436 735
1  mm 1436 736
0  
0  
0  
0  
0  
0  
0  
0  
0  
0  
0  
0  
0  
1  mb 1 1 1436 736
0  
0  
0  
0  
0  
0  
0  
0  
0  
0  
0  
0  
1  mb 1 0 1436 736
1 af 56 
1 af 57 
0  
0  
0  
0  
0  
0  
0  
0  
0  
1  mm 1414 649
1  mm 1393 546
1  mm 1389 525
1  mm 1385 508
1  mm 1383 501
1  mm 1382 497
1  mm 1382 493
1  mm 1380 491
1  mm 1380 487
1  mm 1380 484
1  mm 1380 483
1  mm 1380 477
1  mm 1380 474
1  mm 1380 470
1  mm 1380 464
1  mm 1380 459
1  mm 1380 457
1  mm 1380 454
1  mm 1380 452
1  mm 1380 451
1  mm 1380 449
1  mm 1380 448
0  
1  mm 1380 447
0  
1  mm 1380 445
1  mm 1380 442
1  mm 1380 441
1  mm 1380 436
1  mm 1382 432
1  mm 1382 428
1  mm 1384 422
1  mm 1384 419
1  mm 1385 416
1  mm 1385 415
0  
0  
0  
0  
0  
0  
0  
0  
0  
0  
0  
0  
0  
0  
1  mb 1 1 1385 415
0  
0  
0  
0  
0  
0  
0  
1 T 1523750551.849000 
0  
0  
0  
0  
1  mb 1 0 1385 415
0  
0  
0  
0  
0  
0  
0  
0  
0  
0  
0  
0  
0  
0  
0  
0  
1  mm 1385 421
1  mm 1385 428
1  mm 1384 434
1  mm 1383 446
1  mm 1383 451
1  mm 1383 459
1  mm 1383 463
1  mm 1383 467
1  mm 1383 472
1  mm 1383 473
1  mm 1383 476
1  mm 1381 482
0  
0  
0  
0  
0  
0  
0  
0  
0  
0  
0  
0  
1  mb 1 1 1381 482
0  
0  
0  
0  
0  
0  
0  
0  
0  
0  
0  
0  
0  
1  mb 1 0 1381 482
0  
0  
0  
0  
0  
0  
0  
0  
0  
0  
0  
0  
0  
0  
0  
0  
0  
0  
1  mm 1381 486
1  mm 1381 491
1  mm 1381 499
1  mm 1381 505
1  mm 1381 509
1  mm 1381 519
1  mm 1381 523
1  mm 1381 528
1  mm 1381 531
1  mm 1381 533
1  mm 1381 536
1  mm 1381 538
1  mm 1381 539
1  mm 1381 541
0  
0  
0  
0  
0  
0  
0  
1 T 1523750553.449000 
0  
0  
0  
0  
1  mb 1 1 1381 541
0  
0  
0  
0  
0  
0  
0  
0  
0  
0  
0  
0  
1  mb 1 0 1381 541
0  
0  
0  
0  
0  
0  
0  
0  
0  
0  
0  
0  
0  
0  
0  
0  
0  
0  
0  
0  
1  mm 1381 545
1  mm 1381 550
1  mm 1381 557
1  mm 1381 562
1  mm 1381 568
1  mm 1381 569
1  mm 1381 572
1  mm 1381 576
1  mm 1381 578
1  mm 1381 580
1  mm 1381 585
1  mm 1381 588
1  mm 1381 589
0  
0  
0  
0  
0  
0  
0  
0  
0  
0  
0  
0  
0  
1  mb 1 1 1381 589
0  
0  
0  
0  
0  
0  
0  
0  
0  
0  
0  
0  
0  
1  mb 1 0 1381 589
0  
0  
0  
0  
0  
0  
0  
0  
0  
0  
0  
1  mm 1381 595
1  mm 1381 602
1  mm 1381 613
1  mm 1381 620
1  mm 1381 624
1  mm 1381 632
1  mm 1381 636
1  mm 1381 641
1  mm 1381 648
2 T 1523750555.049000 mm 1382 653
1  mm 1382 656
1  mm 1382 662
1  mm 1382 664
1  mm 1382 667
1  mm 1382 669
0  
1  mm 1382 670
1  mm 1383 671
0  
0  
0  
0  
0  
0  
0  
0  
0  
0  
0  
0  
1  mb 1 1 1383 671
0  
0  
0  
0  
0  
0  
0  
0  
0  
0  
0  
0  
1  mb 1 0 1383 671
0  
0  
0  
0  
0  
0  
0  
0  
0  
0  
0  
0  
0  
0  
0  
0  
0  
1  mm 1383 675
1  mm 1385 679
1  mm 1386 685
1  mm 1388 690
1  mm 1391 696
1  mm 1391 699
1  mm 1391 701
1  mm 1391 704
1  mm 1391 707
1  mm 1391 709
1  mm 1391 710
1  mm 1392 711
1  mm 1392 713
1  mm 1392 714
0  
0  
0  
0  
0  
0  
0  
0  
0  
0  
0  
0  
0  
0  
0  
0  
0  
1  mm 1399 716
1  mm 1405 718
1  mm 1411 719
1  mm 1414 721
1  mm 1417 722
1  mm 1418 723
1  mm 1420 725
1  mm 1421 725
1  mm 1421 726
1  mm 1424 727
1  mm 1426 727
0  
0  
0  
0  
0  
0  
1 T 1523750556.650000 
0  
0  
0  
0  
0  
0  
0  
0  
0  
0  
1  mb 1 1 1426 727
0  
0  
0  
0  
0  
0  
0  
0  
0  
0  
0  
0  
0  
1  mb 1 0 1426 727
2 af 58 af 61 
1 af 59 
1 af 60 
0  
0  
0  
0  
0  
0  
0  
0  
0  
0  
0  
0  
1  mm 1383 625
1  mm 1364 573
1  mm 1348 508
1  mm 1344 480
1  mm 1344 467
1  mm 1340 453
1  mm 1340 447
1  mm 1339 442
1  mm 1337 432
1  mm 1337 428
1  mm 1336 423
1  mm 1336 416
1  mm 1336 413
1  mm 1336 408
1  mm 1336 404
1  mm 1336 400
1  mm 1336 395
1  mm 1336 393
1  mm 1336 391
1  mm 1336 390
1  mm 1336 383
1  mm 1336 379
0  
0  
0  
0  
0  
0  
0  
0  
0  
0  
0  
0  
0  
1  mb 1 1 1336 379
0  
0  
0  
0  
0  
0  
0  
0  
0  
0  
0  
0  
1  mb 1 0 1336 379
0  
0  
0  
0  
0  
0  
0  
0  
0  
0  
1 T 1523750558.250000 
0  
0  
0  
0  
0  
0  
0  
0  
0  
0  
0  
0  
0  
0  
0  
0  
0  
0  
1  mm 1336 385
1  mm 1336 395
1  mm 1338 404
1  mm 1338 408
1  mm 1340 416
1  mm 1341 421
1  mm 1343 429
1  mm 1345 435
1  mm 1345 440
1  mm 1345 446
1  mm 1345 448
1  mm 1345 450
1  mm 1345 454
1  mm 1345 456
1  mm 1345 457
0  
0  
0  
0  
0  
0  
0  
0  
0  
0  
0  
0  
0  
0  
1  mb 1 1 1345 457
0  
0  
0  
0  
0  
0  
0  
0  
0  
0  
0  
0  
0  
1  mb 1 0 1345 457
0  
0  
0  
0  
0  
0  
0  
0  
0  
0  
0  
0  
0  
0  
0  
0  
1  mm 1345 461
1  mm 1346 466
1  mm 1348 474
1  mm 1350 480
1  mm 1350 485
1  mm 1351 493
1  mm 1351 499
1  mm 1353 507
1  mm 1354 511
1  mm 1354 516
1  mm 1354 523
1  mm 1354 526
1  mm 1354 529
1  mm 1354 532
1  mm 1354 535
1  mm 1354 538
0  
0  
0  
0  
0  
1 T 1523750559.851000 
0  
0  
0  
0  
0  
0  
0  
0  
1  mb 1 1 1354 538
0  
0  
0  
0  
0  
0  
0  
0  
0  
0  
0  
0  
1  mb 1 0 1354 538
0  
0  
0  
0  
0  
0  
0  
0  
0  
0  
0  
0  
0  
0  
0  
0  
0  
0  
1  mm 1354 539
1  mm 1356 545
1  mm 1357 550
1  mm 1359 556
1  mm 1360 564
1  mm 1360 568
1  mm 1360 575
1  mm 1362 581
1  mm 1362 583
1  mm 1362 588
1  mm 1362 591
1  mm 1362 594
1  mm 1362 595
0  
1  mm 1362 598
1  mm 1362 599
0  
0  
0  
0  
0  
0  
0  
0  
0  
0  
0  
0  
0  
0  
1  mb 1 1 1362 599
0  
0  
0  
0  
0  
0  
0  
0  
0  
0  
0  
0  
1  mb 1 0 1362 599
0  
0  
0  
0  
0  
0  
0  
0  
0  
0  
0  
0  
0  
0  
0  
1 T 1523750561.451000 
1  mm 1362 601
1  mm 1367 613
1  mm 1369 619
1  mm 1372 625
1  mm 1372 628
1  mm 1373 631
1  mm 1374 635
1  mm 1376 638
1  mm 1377 641
1  mm 1377 647
1  mm 1377 650
1  mm 1377 654
1  mm 1377 657
0  
1  mm 1377 659
0  
0  
0  
0  
0  
0  
0  
0  
0  
0  
0  
0  
0  
0  
0  
0  
1  mb 1 1 1377 659
0  
0  
0  
0  
0  
0  
0  
0  
0  
0  
0  
0  
1  mb 1 0 1377 659
0  
0  
0  
0  
0  
0  
0  
0  
0  
0  
0  
0  
0  
0  
0  
0  
0  
0  
0  
0  
0  
1  mm 1381 667
1  mm 1384 676
1  mm 1386 683
1  mm 1391 693
1  mm 1394 700
1  mm 1398 712
1  mm 1399 717
1  mm 1401 720
1  mm 1402 724
1  mm 1404 727
1  mm 1404 730
1  mm 1406 734
1  mm 1408 737
1  mm 1409 743
1  mm 1411 746
1  mm 1412 749
1  mm 1412 750
0  
0  
0  
0  
0  
0  
0  
0  
0  
0  
0  
0  
0  
0  
0  
0  
1 T 1523750563.051000 
0  
0  
0  
0  
0  
0  
0  
0  
1  mm 1415 750
0  
1  mm 1416 748
1  mm 1418 748
1  mm 1419 748
1  mm 1421 748
1  mm 1422 748
1  mm 1423 748
1  mm 1427 749
0  
0  
0  
0  
0  
0  
0  
0  
0  
0  
0  
0  
0  
0  
1  mb 1 1 1427 749
0  
0  
0  
0  
0  
0  
0  
0  
0  
0  
0  
0  
1  mb 1 0 1427 749
1 af 62 
2 af 63 af 66 
1 af 64 
1 af 65 
0  
0  
0  
0  
0  
0  
0  
0  
1  mm 1415 723
1  mm 1360 543
1  mm 1353 509
1  mm 1349 487
1  mm 1345 475
1  mm 1345 472
1  mm 1345 469
1  mm 1345 467
1  mm 1345 466
1  mm 1345 463
1  mm 1345 459
1  mm 1345 453
1  mm 1345 450
1  mm 1345 447
1  mm 1345 444
1  mm 1345 443
1  mm 1345 442
1  mm 1345 440
1  mm 1345 439
1  mm 1345 437
0  
0  
1  mm 1345 436
1  mm 1346 433
1  mm 1347 429
1  mm 1349 427
1  mm 1350 424
1  mm 1351 422
1  mm 1353 419
1  mm 1354 417
1  mm 1356 416
1  mm 1356 414
0  
0  
0  
0  
0  
0  
0  
0  
0  
0  
1 T 1523750564.651000 
1  mb 1 1 1356 414
0  
0  
0  
0  
0  
0  
0  
0  
0  
0  
0  
0  
1  mb 1 0 1356 414
0  
0  
0  
0  
0  
0  
0  
0  
0  
0  
0  
0  
0  
1  mm 1356 417
1  mm 1356 426
1  mm 1356 433
1  mm 1356 440
1  mm 1356 443
2  mm 1356 446 mm 1356 447
1  mm 1356 450
1  mm 1356 452
1  mm 1356 456
1  mm 1356 459
1  mm 1356 462
1  mm 1356 465
1  mm 1356 467
1  mm 1356 469
0  
0  
0  
0  
0  
0  
0  
0  
0  
0  
1  mb 1 1 1356 469
0  
0  
0  
0  
0  
0  
0  
0  
0  
0  
0  
0  
0  
1  mb 1 0 1356 469
0  
0  
0  
0  
0  
0  
0  
0  
0  
0  
0  
0  
0  
0  
0  
0  
0  
0  
0  
0  
0  
1  mm 1356 473
1  mm 1359 483
1  mm 1359 490
1  mm 1361 494
1  mm 1361 504
1  mm 1362 508
1  mm 1364 511
1  mm 1364 517
1  mm 1364 520
1  mm 1364 524
1  mm 1364 526
1  mm 1364 528
2 T 1523750566.251000 mm 1364 533
0  
0  
0  
0  
0  
0  
0  
0  
0  
0  
0  
0  
1  mb 1 1 1364 533
0  
0  
0  
0  
0  
0  
0  
0  
0  
0  
0  
0  
0  
1  mb 1 0 1364 533
0  
0  
0  
0  
0  
0  
0  
0  
0  
0  
0  
0  
0  
0  
0  
0  
0  
1  mm 1364 537
1  mm 1364 542
1  mm 1365 550
1  mm 1367 556
1  mm 1367 561
1  mm 1367 566
1  mm 1367 569
1  mm 1367 572
1  mm 1367 575
1  mm 1367 578
1  mm 1367 584
1  mm 1367 587
1  mm 1367 588
1  mm 1367 591
1  mm 1367 592
1  mm 1367 594
1  mm 1367 595
0  
0  
0  
0  
0  
0  
0  
0  
0  
0  
0  
0  
0  
0  
1  mb 1 1 1367 595
0  
0  
0  
0  
0  
0  
0  
0  
0  
0  
0  
0  
0  
1  mb 1 0 1367 595
2 af 67 af 68 
0  
0  
0  
0  
0  
0  
0  
0  
1 T 1523750567.852000 
0  
0  
0  
0  
0  
0  
0  
0  
0  
0  
1  mm 1368 599
1  mm 1370 604
1  mm 1371 607
1  mm 1373 612
1  mm 1374 617
1  mm 1374 620
1  mm 1374 626
1  mm 1374 627
1  mm 1374 631
1  mm 1374 633
1  mm 1375 634
1  mm 1377 638
1  mm 1377 640
1  mm 1377 643
0  
1  mm 1378 644
1  mm 1378 649
0  
0  
0  
0  
0  
0  
0  
0  
0  
0  
0  
0  
0  
0  
0  
0  
0  
0  
0  
0  
0  
0  
0  
0  
0  
0  
0  
0  
0  
0  
0  
1  mb 1 1 1378 649
0  
0  
0  
0  
0  
0  
0  
0  
0  
0  
0  
0  
0  
1  mb 1 0 1378 649
0  
0  
0  
0  
0  
0  
0  
0  
0  
0  
0  
0  
0  
0  
0  
0  
1  mm 1382 652
1  mm 1390 666
1  mm 1397 680
1  mm 1402 689
1  mm 1406 696
1  mm 1409 708
1  mm 1411 715
1  mm 1414 721
1  mm 1416 726
1  mm 1417 728
2 T 1523750569.452000 mm 1417 733
1  mm 1417 734
1  mm 1417 735
1  mm 1417 737
1  mm 1417 738
1  mm 1417 740
0  
0  
0  
0  
0  
0  
0  
0  
0  
0  
0  
0  
0  
1  mb 1 1 1417 740
0  
0  
0  
0  
0  
0  
0  
0  
0  
0  
0  
0  
1  mb 1 0 1417 740
1 af 69 
1 af 70 
1 af 71 
1 af 72 
0  
0  
0  
0  
1  mm 1417 722
1  mm 1413 648
1  mm 1407 576
1  mm 1404 533
1  mm 1401 513
1  mm 1399 508
1  mm 1399 506
1  mm 1396 500
1  mm 1396 495
1  mm 1393 487
1  mm 1392 484
1  mm 1392 480
1  mm 1392 474
1  mm 1392 471
1  mm 1390 467
1  mm 1390 465
1  mm 1390 463
1  mm 1390 461
0  
0  
0  
0  
1  mm 1390 460
1  mm 1390 458
1  mm 1390 457
1  mm 1390 456
1  mm 1390 454
1  mm 1390 446
1  mm 1390 438
1  mm 1390 432
1  mm 1391 420
1  mm 1391 417
1  mm 1391 412
1  mm 1391 409
1  mm 1391 408
1  mm 1391 407
0  
0  
0  
0  
0  
0  
0  
0  
0  
0  
0  
0  
0  
1  mb 1 1 1391 407
0  
0  
0  
0  
0  
0  
0  
0  
0  
1 T 1523750571.051000 
0  
0  
0  
1  mb 1 0 1391 407
0  
0  
0  
0  
0  
0  
0  
0  
0  
0  
0  
0  
0  
0  
0  
1  mm 1391 409
1  mm 1391 417
1  mm 1391 426
1  mm 1391 437
1  mm 1391 446
1  mm 1391 454
1  mm 1391 458
1  mm 1391 463
1  mm 1391 467
1  mm 1391 470
1  mm 1391 471
0  
0  
0  
0  
0  
0  
0  
0  
0  
0  
0  
0  
0  
0  
1  mb 1 1 1391 471
0  
0  
0  
0  
0  
0  
0  
0  
0  
0  
0  
0  
0  
1  mb 1 0 1391 471
0  
0  
0  
0  
0  
0  
0  
0  
0  
0  
0  
0  
0  
0  
1  mm 1391 481
1  mm 1391 487
1  mm 1391 497
1  mm 1391 505
1  mm 1391 510
1  mm 1391 519
1  mm 1391 524
1  mm 1391 528
1  mm 1391 533
1  mm 1391 536
1  mm 1391 538
1  mm 1391 540
0  
0  
0  
0  
0  
0  
0  
0  
0  
0  
0  
0  
0  
1  mb 1 1 1391 540
1 T 1523750572.651000 
0  
0  
0  
0  
0  
0  
0  
0  
0  
0  
0  
1  mb 1 0 1391 540
0  
0  
0  
0  
0  
0  
0  
0  
0  
0  
0  
0  
0  
0  
0  
0  
0  
0  
0  
1  mm 1391 543
1  mm 1391 547
1  mm 1391 551
1  mm 1391 556
1  mm 1391 562
1  mm 1391 565
1  mm 1391 569
1  mm 1391 573
1  mm 1391 575
1  mm 1391 578
1  mm 1391 579
1  mm 1391 580
1  mm 1391 583
0  
1  mm 1391 585
0  
1  mm 1392 585
1  mm 1392 586
0  
0  
0  
0  
0  
0  
0  
0  
0  
0  
0  
0  
0  
0  
0  
0  
1  mb 1 1 1392 586
0  
0  
0  
0  
0  
0  
0  
0  
0  
0  
0  
0  
1  mb 1 0 1392 586
1 af 73 
2 af 73 af 74 
0  
0  
0  
0  
0  
0  
0  
0  
0  
0  
0  
0  
0  
0  
1  mm 1392 594
1  mm 1392 598
1  mm 1394 606
1  mm 1394 611
2 T 1523750574.253000 mm 1396 617
1  mm 1396 621
1  mm 1396 623
1  mm 1396 627
1  mm 1397 630
1  mm 1397 631
1  mm 1397 635
1  mm 1397 638
1  mm 1397 641
1  mm 1397 642
0  
1  mm 1397 645
0  
1  mm 1397 647
1  mm 1397 648
0  
0  
0  
0  
0  
0  
0  
0  
0  
0  
0  
0  
1  mb 1 1 1397 648
0  
0  
0  
0  
0  
0  
0  
0  
0  
0  
0  
0  
0  
1  mb 1 0 1397 648
0  
0  
0  
0  
0  
0  
0  
0  
0  
0  
0  
0  
0  
0  
0  
0  
1  mm 1399 657
1  mm 1401 669
1  mm 1404 677
1  mm 1408 686
1  mm 1409 694
1  mm 1411 697
1  mm 1412 703
1  mm 1414 706
1  mm 1415 710
1  mm 1418 716
1  mm 1421 719
1  mm 1423 722
1  mm 1426 726
1  mm 1427 728
1  mm 1428 731
1  mm 1430 731
1  mm 1431 732
1  mm 1431 734
1  mm 1431 735
1  mm 1434 737
0  
0  
0  
0  
0  
0  
0  
0  
0  
0  
0  
0  
0  
1  mb 1 1 1434 737
0  
0  
0  
0  
0  
0  
0  
0  
1 T 1523750575.851000 
0  
0  
0  
1  mb 1 0 1434 737
7 af 75 af 78 af 81 af 84 af 87 af 90 af 93 
5 af 76 af 80 af 85 af 89 af 94 
3 af 77 af 83 af 91 
2 af 79 af 88 
2 af 82 af 95 
1 af 86 
1 af 92 
0  
0  
0  
0  
0  
0  
0  
0  
1  mm 1423 703
1  mm 1389 607
1  mm 1365 540
1  mm 1356 504
1  mm 1353 488
1  mm 1351 472
1  mm 1349 465
1  mm 1347 459
1  mm 1347 454
1  mm 1347 452
1  mm 1347 449
1  mm 1347 446
1  mm 1347 441
1  mm 1347 437
1  mm 1347 434
1  mm 1347 433
1  mm 1347 429
1  mm 1347 427
1  mm 1347 424
1  mm 1347 423
1  mm 1347 422
1  mm 1347 420
0  
1  mm 1347 419
0  
0  
0  
0  
0  
0  
0  
0  
0  
0  
0  
0  
0  
0  
0  
0  
1  mb 1 1 1347 419
0  
0  
0  
0  
0  
0  
0  
0  
0  
0  
0  
0  
1  mb 1 0 1347 419
1 af 96 
2 af 96 af 97 
2 af 98 af 99 
0  
0  
0  
0  
0  
0  
0  
0  
0  
0  
0  
0  
0  
0  
0  
1  mm 1347 422
1  mm 1347 427
1  mm 1347 433
1  mm 1347 441
1  mm 1348 443
1  mm 1348 449
1  mm 1348 452
1  mm 1349 454
2 T 1523750577.452000 mm 1351 458
1  mm 1352 462
1  mm 1352 466
1  mm 1352 467
0  
0  
0  
0  
0  
0  
0  
0  
0  
0  
0  
0  
1  mb 1 1 1352 467
0  
0  
0  
0  
0  
0  
0  
0  
0  
0  
0  
0  
1  mb 1 0 1352 467
2 af 100 af 101 
0  
0  
0  
0  
0  
0  
0  
0  
0  
0  
0  
0  
0  
0  
0  
0  
0  
0  
0  
0  
0  
0  
0  
0  
0  
0  
0  
0  
1  mm 1354 473
1  mm 1356 480
1  mm 1359 490
1  mm 1360 495
1  mm 1362 501
1  mm 1363 504
1  mm 1363 505
1  mm 1363 508
1  mm 1363 509
1  mm 1363 511
1  mm 1365 514
1  mm 1365 515
1  mm 1365 516
0  
0  
0  
0  
0  
0  
0  
0  
0  
0  
0  
0  
0  
0  
1  mb 1 1 1365 516
0  
0  
0  
0  
0  
0  
0  
0  
0  
0  
0  
0  
0  
2 T 1523750579.054000 mb 1 0 1365 516
0  
0  
0  
0  
0  
0  
0  
0  
0  
0  
0  
0  
0  
0  
0  
0  
0  
0  
1  mm 1365 523
1  mm 1366 529
1  mm 1368 539
1  mm 1370 544
1  mm 1371 550
1  mm 1373 556
1  mm 1373 561
1  mm 1374 568
1  mm 1374 573
1  mm 1376 576
1  mm 1376 582
1  mm 1376 585
1  mm 1377 587
1  mm 1377 592
1  mm 1377 593
1  mm 1377 596
1  mm 1377 597
1  mm 1377 599
1  mm 1377 602
0  
0  
0  
0  
0  
0  
0  
0  
0  
0  
0  
0  
0  
0  
1  mb 1 1 1377 602
0  
0  
0  
0  
0  
0  
0  
0  
0  
0  
0  
0  
0  
1  mb 1 0 1377 602
0  
0  
0  
0  
0  
0  
0  
0  
0  
0  
0  
0  
0  
0  
0  
0  
0  
0  
0  
1  mm 1377 604
1  mm 1381 611
1  mm 1384 621
1  mm 1387 628
1  mm 1391 638
1  mm 1394 645
1  mm 1396 649
1  mm 1398 655
1  mm 1400 658
1  mm 1400 662
1  mm 1403 665
1  mm 1403 668
1  mm 1406 671
1  mm 1407 674
1 T 1523750580.655000 
1  mm 1407 677
1  mm 1408 678
0  
1  mm 1411 682
1  mm 1411 685
1  mm 1416 688
1  mm 1418 691
1  mm 1420 694
1  mm 1423 697
1  mm 1423 698
1  mm 1427 702
1  mm 1427 705
1  mm 1430 706
1  mm 1431 709
1  mm 1433 711
1  mm 1434 712
1  mm 1435 714
1  mm 1435 715
1  mm 1435 716
0  
1  mm 1440 716
0  
0  
0  
0  
0  
0  
0  
0  
0  
0  
0  
0  
0  
0  
0  
0  
0  
0  
0  
1  mm 1439 710
1  mm 1430 690
1  mm 1424 668
1  mm 1418 652
1  mm 1415 645
1  mm 1413 640
1  mm 1412 639
1  mm 1412 638
1  mm 1410 635
0  
0  
0  
0  
0  
0  
0  
0  
0  
0  
0  
0  
0  
0  
1  mb 1 1 1410 635
0  
0  
0  
0  
0  
0  
0  
0  
0  
0  
0  
0  
1  mb 1 0 1410 635
0  
0  
0  
0  
0  
0  
0  
0  
0  
0  
0  
0  
0  
0  
0  
0  
0  
0  
0  
1  mm 1410 637
1  mm 1410 641
1  mm 1410 642
2 T 1523750582.257000 mm 1410 645
1  mm 1410 646
1  mm 1410 648
1  mm 1410 649
1  mm 1410 652
1  mm 1410 655
1  mm 1411 661
1  mm 1413 667
1  mm 1413 674
1  mm 1416 684
1  mm 1418 689
1  mm 1419 693
1  mm 1421 699
1  mm 1421 702
1  mm 1421 706
1  mm 1422 707
1  mm 1422 710
1  mm 1422 715
1  mm 1423 716
1  mm 1423 719
0  
1  mm 1423 720
0  
1  mm 1425 722
1  mm 1426 723
1  mm 1426 724
0  
0  
0  
0  
0  
0  
0  
0  
0  
0  
0  
0  
0  
0  
0  
0  
0  
0  
0  
0  
0  
0  
0  
0  
0  
1  mb 1 1 1426 724
0  
0  
0  
0  
0  
0  
0  
0  
0  
0  
0  
0  
0  
0  
0  
0  
0  
0  
0  
0  
1  md 1426 727
1  md 1426 729
1  md 1426 730
1  md 1426 732
1  mb 1 0 1426 732
0  
0  
0  
0  
0  
0  
0  
0  
0  
0  
1  mb 1 1 1426 732
0  
0  
0  
0  
0  
0  
0  
0  
0  
0  
0  
0  
1 T 1523750583.857000 
1  mb 1 0 1426 732
1 af 102 
1 af 103 
1 af 104 
0  
0  
0  
0  
0  
0  
0  
1  mm 1418 625
1  mm 1409 557
1  mm 1404 506
1  mm 1402 459
1  mm 1402 452
1  mm 1402 447
1  mm 1402 446
0  
1  mm 1402 445
1  mm 1402 443
1  mm 1402 442
1  mm 1402 439
1  mm 1402 438
1  mm 1402 435
1  mm 1402 433
1  mm 1402 432
1  mm 1402 430
0  
0  
0  
0  
0  
0  
1  mm 1402 429
0  
0  
0  
0  
0  
0  
0  
0  
0  
0  
0  
1  mb 1 1 1402 429
0  
0  
0  
0  
0  
0  
0  
0  
0  
0  
0  
0  
0  
1  mb 1 0 1402 429
0  
0  
0  
0  
0  
0  
0  
0  
0  
0  
0  
0  
0  
0  
0  
0  
0  
1  mm 1402 437
1  mm 1400 442
1  mm 1400 448
1  mm 1400 452
1  mm 1400 460
1  mm 1400 465
1  mm 1400 471
1  mm 1400 475
1  mm 1399 478
1  mm 1399 482
1  mm 1399 485
0  
0  
0  
0  
0  
0  
0  
0  
0  
0  
1 T 1523750585.458000 
0  
1  mb 1 1 1399 485
0  
0  
0  
0  
0  
0  
0  
0  
0  
0  
0  
0  
0  
1  mb 1 0 1399 485
0  
0  
0  
0  
0  
0  
0  
0  
0  
0  
0  
0  
0  
0  
0  
0  
0  
0  
0  
0  
0  
0  
0  
1  mm 1399 486
1  mm 1399 494
1  mm 1399 500
1  mm 1399 506
1  mm 1399 509
1  mm 1399 513
0  
0  
0  
1  mm 1399 524
1  mm 1397 527
1  mm 1397 528
0  
0  
0  
0  
0  
0  
0  
0  
0  
0  
0  
0  
0  
0  
0  
1  mb 1 1 1397 528
0  
0  
0  
0  
0  
0  
0  
0  
0  
0  
0  
0  
1  mb 1 0 1397 528
0  
0  
0  
0  
0  
0  
0  
0  
0  
0  
0  
0  
0  
0  
0  
0  
0  
0  
0  
1 T 1523750587.058000 
0  
0  
0  
0  
0  
0  
0  
0  
0  
1  mm 1397 537
1  mm 1397 542
1  mm 1397 548
1  mm 1397 554
1  mm 1397 559
1  mm 1397 561
1  mm 1397 569
1  mm 1397 573
1  mm 1397 575
1  mm 1397 579
1  mm 1397 581
1  mm 1397 583
0  
0  
0  
0  
0  
0  
0  
0  
0  
0  
0  
0  
0  
0  
0  
1  mb 1 1 1397 583
0  
0  
0  
0  
0  
0  
0  
0  
0  
0  
0  
0  
1  mb 1 0 1397 583
0  
0  
0  
0  
0  
0  
0  
0  
0  
0  
0  
0  
0  
0  
0  
0  
0  
0  
0  
1  mm 1397 588
1  mm 1397 595
1  mm 1397 600
1  mm 1397 606
1  mm 1397 614
1  mm 1397 619
1  mm 1397 623
1  mm 1397 629
1  mm 1397 634
1  mm 1397 636
1  mm 1397 641
1  mm 1397 644
1  mm 1397 647
1  mm 1397 648
1  mm 1397 649
1  mm 1397 651
1  mm 1398 654
1  mm 1399 656
1  mm 1399 659
1  mm 1399 662
1  mm 1401 664
1  mm 1401 668
1  mm 1401 669
0  
1  mm 1402 672
0  
0  
0  
0  
0  
1 T 1523750588.657000 
0  
0  
0  
0  
0  
0  
0  
0  
1  mb 1 1 1402 672
0  
0  
0  
0  
0  
0  
0  
0  
0  
0  
0  
0  
1  mb 1 0 1402 672
0  
0  
0  
0  
0  
0  
0  
0  
0  
0  
0  
0  
0  
0  
0  
0  
0  
0  
0  
0  
0  
1  mm 1402 674
1  mm 1403 678
1  mm 1405 682
1  mm 1406 685
1  mm 1406 689
1  mm 1408 692
1  mm 1409 695
1  mm 1409 698
1  mm 1409 701
1  mm 1409 702
1  mm 1409 705
1  mm 1409 706
1  mm 1409 708
1  mm 1409 709
0  
1  mm 1411 709
0  
0  
0  
0  
0  
0  
0  
0  
0  
0  
0  
0  
0  
0  
0  
0  
0  
0  
0  
0  
0  
0  
1  mm 1411 712
1  mm 1411 714
1  mm 1411 715
1  mm 1411 716
1  mm 1412 718
1  mm 1412 719
1  mm 1413 721
1  mm 1415 722
1  mm 1415 723
0  
0  
0  
0  
0  
0  
0  
0  
0  
1 T 1523750590.257000 
0  
0  
0  
0  
0  
0  
0  
0  
0  
0  
0  
0  
0  
0  
1  mm 1415 725
1  mm 1415 728
1  mm 1415 731
1  mm 1415 733
1  mm 1415 736
1  mm 1416 739
1  mm 1416 741
1  mm 1416 742
1  mm 1416 743
1  mm 1416 745
0  
0  
0  
0  
0  
0  
0  
0  
0  
0  
0  
0  
0  
1  mb 1 1 1416 745
0  
0  
0  
0  
0  
0  
0  
0  
0  
0  
0  
0  
0  
1  mb 1 0 1416 745
1 af 105 
1 af 106 
1 af 107 
0  
0  
0  
0  
0  
0  
0  
1  mm 1415 737
1  mm 1405 692
1  mm 1375 552
1  mm 1370 524
1  mm 1366 503
1  mm 1364 486
1  mm 1364 482
1  mm 1364 479
1  mm 1364 476
1  mm 1364 475
1  mm 1364 471
1  mm 1364 468
1  mm 1364 463
1  mm 1364 456
1  mm 1364 451
1  mm 1364 447
1  mm 1364 443
1  mm 1364 441
1  mm 1364 438
1  mm 1364 437
1  mm 1364 436
1  mm 1364 434
1  mm 1364 433
0  
1  mm 1364 431
0  
0  
1  mm 1364 430
1  mm 1364 427
0  
1  mm 1364 424
1  mm 1366 420
1  mm 1367 419
1  mm 1369 416
0  
0  
0  
1 T 1523750591.858000 
0  
0  
0  
0  
0  
0  
0  
0  
0  
0  
1  mb 1 1 1369 416
0  
0  
0  
0  
0  
0  
0  
0  
0  
0  
0  
0  
1  mb 1 0 1369 416
0  
0  
0  
0  
0  
0  
0  
0  
0  
0  
0  
0  
0  
0  
0  
0  
0  
0  
0  
0  
0  
0  
0  
0  
0  
0  
0  
0  
0  
0  
0  
0  
0  
0  
0  
0  
0  
0  
0  
0  
0  
0  
0  
0  
0  
0  
0  
0  
0  
0  
0  
0  
0  
0  
0  
0  
0  
0  
0  
0  
0  
0  
0  
0  
0  
0  
0  
0  
0  
0  
0  
0  
0  
0  
0  
1 T 1523750593.457000 
0  
0  
0  
0  
0  
0  
0  
0  
0  
0  
0  
0  
0  
0  
0  
0  
0  
0  
0  
0  
0  
0  
0  
0  
0  
0  
0  
0  
1  mm 1368 416
1  mm 1367 416
1  mm 1365 416
1  mm 1351 420
1  mm 1265 443
1  mm 977 503
1  mm 811 524
1  mm 751 529
1  mm 698 535
1  mm 656 536
1  mm 649 536
1  mm 644 536
0  
1  mm 642 536
1  mm 641 533
0  
0  
0  
0  
0  
0  
0  
0  
0  
0  
0  
0  
0  
0  
0  
0  
0  
1  mm 643 530
1  mm 656 521
1  mm 665 515
1  mm 670 510
1  mm 676 506
1  mm 678 503
1  mm 684 499
1  mm 689 497
1  mm 692 493
1  mm 696 488
1  mm 699 485
1  mm 700 483
1  mm 705 480
1  mm 706 478
1  mm 708 477
1  mm 709 475
1  mm 710 474
0  
0  
0  
0  
0  
0  
0  
1  mm 709 474
1  mm 706 474
1  mm 703 474
1  mm 700 474
1  mm 699 474
0  
1  mm 696 473
0  
1  mm 694 473
0  
0  
0  
0  
0  
0  
1 T 1523750595.058000 
0  
0  
0  
0  
0  
0  
0  
0  
0  
0  
0  
0  
0  
0  
0  
0  
0  
0  
0  
0  
0  
0  
0  
0  
0  
0  
0  
0  
0  
0  
0  
0  
0  
0  
0  
0  
0  
0  
0  
0  
0  
0  
0  
1  mb 1 1 694 473
0  
0  
0  
0  
0  
0  
0  
0  
0  
0  
0  
0  
0  
1  mb 1 0 694 473
0  
0  
0  
0  
0  
0  
0  
0  
0  
0  
0  
0  
0  
0  
0  
1  mm 695 473
1  mm 699 473
1  mm 702 474
1  mm 703 474
1  mm 708 477
1  mm 710 479
1  mm 713 479
1  mm 715 479
1  mm 716 479
1  mm 718 479
1  mm 719 479
1  mm 720 479
0  
0  
0  
0  
0  
0  
0  
0  
0  
0  
0  
0  
0  
0  
1 T 1523750596.661000 
0  
0  
0  
0  
0  
0  
0  
0  
0  
0  
0  
0  
0  
0  
0  
0  
0  
0  
0  
0  
0  
0  
0  
0  
0  
0  
0  
0  
0  
0  
0  
0  
0  
0  
0  
0  
0  
0  
0  
0  
0  
0  
0  
0  
0  
0  
0  
0  
0  
0  
0  
0  
0  
0  
0  
0  
0  
0  
0  
1  sd 102 720 479
0  
0  
0  
0  
1  su 102 720 479
0  
0  
0  
0  
0  
0  
0  
0  
0  
0  
0  
0  
0  
0  
0  
0  
0  
0  
0  
0  
0  
0  
0  
0  
0  
0  
0  
0  
0  
0  
0  
0  
0  
1  kd 8 720 479
1 T 1523750598.261000 
0  
0  
0  
1  ku 8 720 479
0  
0  
0  
0  
0  
0  
0  
0  
0  
0  
0  
0  
0  
0  
0  
0  
0  
0  
0  
0  
0  
0  
0  
0  
0  
0  
0  
0  
0  
0  
0  
0  
0  
0  
0  
0  
0  
0  
0  
0  
0  
0  
0  
0  
0  
0  
0  
0  
0  
0  
0  
0  
0  
0  
0  
0  
0  
0  
0  
0  
0  
0  
0  
0  
0  
0  
0  
0  
0  
0  
0  
0  
0  
1  kd 48 720 479
0  
0  
0  
1  ku 48 720 479
0  
0  
0  
0  
0  
0  
0  
0  
0  
0  
0  
0  
0  
0  
0  
0  
0  
1 T 1523750599.861000 
0  
0  
0  
0  
0  
0  
0  
0  
0  
0  
0  
0  
0  
0  
0  
0  
0  
0  
0  
0  
0  
0  
0  
0  
0  
0  
0  
0  
0  
0  
0  
0  
0  
0  
0  
0  
0  
0  
1  mm 725 480
1  mm 772 503
1  mm 902 554
1  mm 1073 639
1  mm 1196 702
1  mm 1246 738
1  mm 1265 762
1  mm 1284 785
1  mm 1289 790
1  mm 1292 793
1  mm 1293 794
1  mm 1295 794
1  mm 1297 797
1  mm 1299 798
1  mm 1300 798
1  mm 1302 801
1  mm 1303 801
1  mm 1303 803
1  mm 1303 804
0  
1  mm 1303 805
0  
1  mm 1301 807
1  mm 1298 807
1  mm 1294 807
1  mm 1289 807
1  mm 1282 807
1  mm 1277 807
1  mm 1273 807
1  mm 1268 806
1  mm 1266 806
1  mm 1263 806
1  mm 1261 806
1  mm 1260 806
1  mm 1259 806
0  
0  
0  
1  mm 1259 805
1  mm 1260 804
1  mm 1263 802
1  mm 1266 802
1  mm 1267 802
1  mm 1269 802
1  mm 1270 802
1  mm 1272 802
0  
0  
0  
0  
0  
0  
0  
0  
0  
0  
0  
0  
0  
0  
0  
1 T 1523750601.460000 
0  
0  
0  
0  
0  
0  
0  
0  
0  
0  
0  
0  
0  
0  
0  
0  
0  
0  
0  
0  
0  
0  
0  
0  
0  
0  
0  
1  mb 1 1 1272 802
0  
0  
0  
0  
0  
0  
0  
0  
0  
0  
0  
0  
1  mb 1 0 1272 802
0  
0  
0  
0  
0  
0  
0  
0  
0  
0  
0  
0  
0  
0  
0  
0  
0  
0  
0  
0  
0  
0  
1  mm 1272 791
1  mm 1274 741
1  mm 1282 687
1  mm 1296 619
1  mm 1306 584
1  mm 1312 556
1  mm 1315 546
1  mm 1321 532
1  mm 1327 518
1  mm 1330 507
1  mm 1334 496
1  mm 1339 479
1  mm 1343 466
1  mm 1346 456
1  mm 1348 451
1  mm 1350 447
1  mm 1354 441
1  mm 1355 438
1  mm 1358 434
1  mm 1360 429
1  mm 1363 426
1  mm 1363 425
1  mm 1366 422
1  mm 1367 421
0  
1  mm 1367 418
0  
1  mm 1370 416
0  
0  
0  
0  
0  
0  
0  
0  
1 T 1523750603.062000 
0  
0  
0  
0  
0  
0  
0  
0  
0  
0  
0  
0  
0  
0  
0  
1  mb 1 1 1370 416
0  
0  
0  
0  
0  
0  
0  
0  
0  
0  
0  
0  
1  mb 1 0 1370 416
0  
0  
0  
0  
0  
0  
0  
0  
0  
0  
0  
0  
0  
0  
0  
0  
0  
0  
0  
0  
0  
0  
0  
0  
0  
0  
0  
0  
0  
0  
0  
0  
0  
0  
0  
0  
0  
0  
0  
0  
0  
0  
0  
0  
0  
0  
0  
0  
0  
0  
0  
0  
0  
0  
0  
0  
0  
0  
0  
0  
0  
0  
0  
0  
0  
0  
0  
0  
0  
0  
1 T 1523750604.665000 
0  
0  
0  
0  
0  
0  
0  
0  
0  
0  
0  
0  
0  
0  
0  
0  
0  
0  
0  
0  
0  
0  
0  
0  
0  
0  
0  
0  
0  
0  
0  
0  
0  
0  
0  
0  
0  
0  
0  
0  
0  
0  
0  
0  
0  
0  
0  
0  
0  
0  
0  
0  
0  
0  
0  
0  
0  
0  
0  
0  
0  
0  
0  
0  
0  
0  
0  
0  
0  
0  
0  
0  
0  
0  
0  
0  
0  
0  
0  
0  
0  
0  
0  
0  
0  
0  
0  
0  
0  
0  
0  
0  
0  
0  
0  
0  
0  
0  
0  
1 T 1523750606.266000 
0  
0  
0  
0  
0  
0  
0  
0  
0  
0  
0  
0  
0  
0  
0  
0  
0  
0  
0  
0  
0  
0  
0  
0  
0  
0  
0  
0  
0  
0  
0  
0  
0  
0  
0  
0  
0  
0  
0  
0  
0  
0  
0  
0  
0  
0  
0  
0  
0  
0  
0  
0  
0  
0  
0  
0  
0  
0  
0  
0  
0  
0  
0  
0  
0  
0  
0  
0  
0  
0  
0  
0  
0  
0  
0  
0  
0  
0  
0  
0  
0  
0  
0  
0  
0  
0  
0  
0  
0  
0  
0  
0  
0  
1  mm 1370 417
1  mm 1370 418
0  
0  
0  
1  mm 1370 421
2 T 1523750607.867000 mm 1370 423
0  
0  
0  
0  
0  
0  
0  
0  
0  
0  
0  
0  
0  
0  
0  
0  
0  
0  
0  
0  
0  
0  
0  
1  mm 1370 424
1  mm 1370 425
1  mm 1370 427
1  mm 1370 428
1  mm 1370 430
1  mm 1370 433
1  mm 1370 437
1  mm 1370 440
1  mm 1370 446
1  mm 1370 449
1  mm 1370 453
1  mm 1370 456
1  mm 1370 459
1  mm 1370 462
1  mm 1370 464
1  mm 1370 466
1  mm 1370 467
1  mm 1370 469
1  mm 1370 470
1  mm 1370 471
1  mm 1370 473
0  
1  mm 1370 474
1  mm 1370 476
0  
1  mm 1370 479
1  mm 1370 480
0  
1  mm 1370 484
1  mm 1369 487
0  
0  
0  
0  
0  
0  
0  
0  
0  
0  
0  
0  
0  
0  
0  
0  
0  
0  
1  mb 1 1 1369 487
0  
0  
0  
0  
0  
0  
0  
0  
0  
0  
0  
0  
0  
1  mb 1 0 1369 487
0  
0  
0  
0  
0  
0  
0  
0  
0  
0  
0  
0  
0  
1 T 1523750609.466000 
1  mm 1351 487
1  mm 1259 485
1  mm 1024 466
1  mm 963 458
1  mm 939 456
1  mm 895 454
1  mm 873 452
1  mm 855 450
1  mm 847 450
1  mm 840 450
1  mm 832 450
1  mm 828 451
1  mm 823 453
1  mm 816 454
1  mm 811 456
1  mm 807 458
1  mm 802 459
1  mm 799 460
1  mm 796 462
1  mm 795 463
1  mm 792 466
1  mm 788 469
1  mm 785 474
1  mm 778 477
1  mm 768 482
1  mm 763 485
1  mm 755 487
1  mm 750 489
1  mm 746 490
1  mm 740 490
1  mm 737 490
1  mm 733 490
1  mm 731 490
1  mm 729 490
1  mm 724 490
1  mm 723 488
1  mm 719 488
1  mm 717 487
1  mm 716 486
1  mm 714 484
1  mm 713 483
1  mm 712 481
1  mm 710 480
1  mm 709 480
1  mm 707 480
1  mm 706 477
1  mm 704 477
1  mm 703 474
1  mm 702 473
1  mm 700 473
1  mm 699 473
1  mm 697 473
1  mm 696 473
1  mm 694 473
1  mm 693 473
0  
0  
0  
0  
0  
0  
0  
0  
0  
0  
0  
0  
0  
0  
0  
0  
0  
0  
0  
0  
1  mb 1 1 693 473
0  
0  
0  
0  
0  
0  
0  
0  
0  
0  
0  
0  
1  mb 1 0 693 473
0  
0  
0  
0  
0  
0  
0  
0  
0  
0  
1 T 1523750611.066000 
0  
0  
0  
0  
0  
0  
0  
0  
0  
0  
0  
0  
0  
0  
0  
0  
0  
0  
0  
1  mm 695 473
0  
0  
1  mm 696 473
0  
1  mm 696 475
0  
0  
1  mm 698 475
0  
0  
0  
0  
0  
0  
0  
0  
0  
0  
0  
0  
0  
0  
0  
0  
0  
0  
0  
0  
1  mb 1 1 698 475
0  
0  
0  
0  
0  
0  
0  
0  
0  
0  
0  
0  
0  
1  mb 1 0 698 475
0  
0  
0  
0  
0  
0  
0  
0  
0  
0  
0  
0  
0  
0  
0  
0  
0  
0  
0  
0  
0  
0  
0  
0  
0  
0  
0  
0  
0  
0  
0  
0  
0  
0  
0  
0  
1 T 1523750612.666000 
0  
0  
0  
1  kd 8 698 475
0  
0  
0  
1  ku 8 698 475
0  
0  
0  
0  
0  
0  
0  
0  
0  
0  
0  
0  
0  
0  
0  
0  
0  
0  
1  kd 48 698 475
0  
0  
0  
0  
0  
0  
1  ku 48 698 475
0  
0  
0  
0  
0  
0  
0  
0  
0  
0  
0  
0  
0  
0  
0  
0  
0  
0  
0  
0  
0  
0  
0  
0  
0  
0  
0  
0  
0  
0  
0  
0  
0  
0  
0  
0  
1  mm 721 479
1  mm 796 500
1  mm 842 525
1  mm 897 552
1  mm 943 585
1  mm 961 601
1  mm 1016 637
1  mm 1083 669
1  mm 1129 690
1  mm 1172 705
1  mm 1187 709
1  mm 1195 710
1  mm 1196 710
1  mm 1198 710
1  mm 1199 710
1  mm 1201 712
1  mm 1202 712
1  mm 1204 716
1  mm 1205 720
1  mm 1210 730
1  mm 1215 744
1  mm 1219 757
1  mm 1221 775
1  mm 1223 784
1  mm 1223 788
1  mm 1223 793
1  mm 1223 796
1  mm 1223 797
1  mm 1223 798
2 T 1523750614.268000 mm 1223 800
1  mm 1223 801
1  mm 1223 803
0  
0  
0  
1  mm 1224 803
0  
1  mm 1226 803
1  mm 1228 802
1  mm 1231 801
2  mm 1234 799 mm 1236 799
1  mm 1240 798
1  mm 1243 798
1  mm 1249 798
1  mm 1252 798
1  mm 1254 798
1  mm 1257 798
1  mm 1259 798
0  
0  
0  
0  
0  
0  
0  
0  
0  
0  
0  
0  
0  
0  
0  
0  
0  
0  
1  mb 1 1 1259 798
0  
0  
0  
0  
0  
0  
0  
0  
0  
0  
0  
0  
1  mb 1 0 1259 798
0  
0  
0  
0  
0  
0  
0  
0  
0  
0  
0  
0  
0  
0  
0  
0  
0  
0  
0  
1  mm 1263 775
1  mm 1281 701
1  mm 1312 614
1  mm 1324 578
1  mm 1339 538
1  mm 1347 519
1  mm 1351 508
1  mm 1356 498
1  mm 1358 493
1  mm 1359 488
1  mm 1362 482
1  mm 1364 479
1  mm 1367 476
1  mm 1369 474
1  mm 1372 471
1  mm 1375 465
1  mm 1378 462
1  mm 1381 458
1  mm 1384 453
1  mm 1387 450
1  mm 1389 448
1  mm 1391 446
1  mm 1391 445
1  mm 1394 443
0  
0  
0  
0  
0  
0  
1 T 1523750615.867000 
0  
0  
0  
0  
0  
0  
0  
0  
1  mm 1393 444
1  mm 1393 448
1  mm 1392 452
1  mm 1392 454
1  mm 1392 457
1  mm 1390 460
0  
0  
0  
0  
0  
0  
0  
0  
0  
0  
0  
0  
0  
1  mb 1 1 1390 460
0  
0  
0  
0  
0  
0  
0  
0  
0  
0  
0  
0  
1  mb 1 0 1390 460
0  
0  
0  
0  
0  
0  
0  
0  
0  
0  
0  
0  
0  
0  
0  
0  
0  
0  
0  
0  
0  
0  
0  
0  
0  
0  
1  mm 1390 461
1  mm 1390 469
1  mm 1391 475
1  mm 1391 493
1  mm 1391 502
1  mm 1391 508
1  mm 1391 516
1  mm 1390 521
1  mm 1390 525
1  mm 1390 528
1  mm 1390 531
0  
0  
0  
0  
0  
0  
0  
0  
0  
0  
0  
0  
0  
1  mb 1 1 1390 531
0  
0  
0  
0  
0  
0  
0  
1 T 1523750617.467000 
0  
0  
0  
0  
1  mb 1 0 1390 531
0  
0  
0  
0  
0  
0  
0  
0  
0  
0  
0  
0  
1  mm 1383 534
1  mm 1330 557
1  mm 1116 573
1  mm 977 567
1  mm 839 551
1  mm 813 544
1  mm 776 542
1  mm 731 535
1  mm 718 533
1  mm 711 533
1  mm 703 531
1  mm 699 530
1  mm 695 528
1  mm 690 527
1  mm 687 525
1  mm 684 525
1  mm 682 525
1  mm 680 524
1  mm 679 524
1  mm 677 524
1  mm 677 522
1  mm 677 521
0  
1  mm 677 518
0  
1  mm 677 515
1  mm 678 513
1  mm 679 510
1  mm 681 507
1  mm 682 501
1  mm 684 498
1  mm 687 493
1  mm 688 487
1  mm 690 483
1  mm 691 480
1  mm 692 476
1  mm 694 475
1  mm 695 472
1  mm 695 470
1  mm 695 469
0  
0  
0  
0  
0  
0  
0  
0  
0  
0  
0  
0  
0  
0  
0  
0  
0  
0  
0  
0  
0  
0  
0  
1  mb 1 1 695 469
0  
0  
0  
0  
0  
0  
0  
0  
0  
0  
0  
0  
1  mb 1 0 695 469
0  
0  
0  
0  
0  
1 T 1523750619.069000 
0  
0  
0  
0  
0  
0  
0  
0  
0  
0  
0  
0  
0  
0  
0  
0  
0  
0  
0  
0  
0  
0  
1  kd 8 695 469
0  
0  
0  
0  
1  ku 8 695 469
0  
0  
0  
0  
0  
0  
0  
0  
0  
0  
0  
0  
0  
0  
0  
0  
0  
1  kd 45 695 469
0  
0  
0  
1  ku 45 695 469
0  
0  
0  
0  
0  
0  
0  
0  
0  
0  
0  
0  
0  
0  
0  
0  
0  
0  
0  
0  
0  
0  
0  
0  
0  
0  
0  
0  
0  
0  
0  
0  
0  
0  
0  
0  
0  
0  
0  
1  kd 48 695 469
0  
0  
0  
0  
0  
0  
1  ku 48 695 469
0  
0  
1 T 1523750620.669000 
0  
0  
0  
0  
0  
0  
0  
0  
0  
0  
0  
0  
0  
0  
0  
0  
0  
0  
0  
0  
0  
0  
0  
0  
0  
0  
0  
0  
0  
0  
0  
0  
0  
0  
0  
0  
0  
0  
1  mm 704 472
1  mm 752 499
1  mm 782 519
1  mm 854 566
1  mm 894 604
1  mm 930 650
1  mm 1014 735
1  mm 1068 775
1  mm 1092 794
1  mm 1095 797
1  mm 1096 797
0  
1  mm 1098 797
1  mm 1099 797
1  mm 1101 797
1  mm 1104 795
1  mm 1104 792
0  
0  
0  
0  
0  
0  
0  
0  
0  
0  
0  
0  
0  
0  
0  
1  mm 1155 792
1  mm 1168 793
2  mm 1179 797 mm 1184 797
1  mm 1188 798
1  mm 1191 800
1  mm 1196 800
0  
1  mm 1197 800
1  mm 1200 800
1  mm 1201 800
0  
1  mm 1204 800
1  mm 1209 799
1  mm 1216 798
1  mm 1225 796
1  mm 1231 796
1  mm 1243 796
1  mm 1247 796
1  mm 1253 796
1  mm 1258 796
1  mm 1261 796
1  mm 1264 796
1  mm 1265 796
0  
1  mm 1268 796
1  mm 1269 796
0  
0  
0  
1 T 1523750622.269000 
0  
0  
0  
0  
0  
0  
0  
0  
0  
0  
0  
0  
0  
0  
0  
0  
0  
0  
0  
0  
0  
0  
0  
0  
0  
1  mm 1265 796
1  mm 1249 799
1  mm 1236 801
1  mm 1223 803
1  mm 1207 805
1  mm 1202 805
1  mm 1198 805
1  mm 1193 805
1  mm 1191 805
1  mm 1188 805
1  mm 1186 805
1  mm 1185 805
1  mm 1183 805
0  
0  
0  
0  
0  
1  mm 1185 805
1  mm 1192 804
1  mm 1200 800
1  mm 1215 799
1  mm 1223 797
1  mm 1235 797
1  mm 1244 795
1  mm 1250 793
1  mm 1258 793
1  mm 1263 793
1  mm 1264 793
1  mm 1267 793
1  mm 1268 793
1  mm 1270 793
1  mm 1271 793
1  mm 1273 793
0  
0  
0  
0  
0  
1  mm 1274 793
0  
0  
0  
0  
0  
0  
0  
0  
0  
0  
0  
0  
0  
0  
0  
0  
0  
0  
0  
0  
0  
0  
0  
0  
0  
0  
0  
0  
0  
0  
0  
0  
0  
0  
1 T 1523750623.869000 
0  
0  
0  
0  
0  
0  
0  
0  
0  
0  
0  
0  
0  
0  
0  
1  mb 1 1 1274 793
0  
0  
0  
0  
0  
0  
0  
0  
0  
0  
0  
0  
1  mb 1 0 1274 793
0  
0  
0  
0  
0  
0  
0  
0  
0  
0  
0  
0  
0  
0  
0  
0  
0  
1  mm 1278 773
1  mm 1293 714
1  mm 1300 688
1  mm 1307 660
1  mm 1311 637
1  mm 1313 626
1  mm 1315 621
1  mm 1316 613
1  mm 1318 611
1  mm 1318 606
1  mm 1318 605
1  mm 1318 603
1  mm 1318 602
1  mm 1318 601
1  mm 1319 599
0  
0  
1  mm 1321 599
1  mm 1321 596
0  
0  
0  
0  
0  
0  
0  
0  
0  
0  
0  
1  mb 1 1 1321 596
0  
0  
0  
0  
0  
0  
0  
0  
0  
0  
0  
0  
0  
1  mb 1 0 1321 596
0  
0  
0  
0  
0  
0  
0  
0  
1 T 1523750625.469000 
0  
0  
0  
0  
0  
0  
0  
0  
1  mm 1245 590
1  mm 1012 563
1  mm 977 556
1  mm 923 551
1  mm 885 547
1  mm 878 547
1  mm 871 547
1  mm 866 547
1  mm 860 547
1  mm 848 551
1  mm 839 551
1  mm 832 551
1  mm 827 551
1  mm 824 551
1  mm 820 551
1  mm 816 551
1  mm 813 551
1  mm 807 551
1  mm 802 550
1  mm 798 546
1  mm 794 543
1  mm 789 536
1  mm 778 527
1  mm 771 522
1  mm 761 513
1  mm 751 506
1  mm 744 501
1  mm 737 496
1  mm 732 491
1  mm 729 487
1  mm 723 484
1  mm 719 481
1  mm 715 478
1  mm 712 475
1  mm 711 474
1  mm 709 472
1  mm 708 471
1  mm 707 468
0  
1  mm 707 466
1  mm 705 466
1  mm 704 466
0  
1  mm 701 466
1  mm 699 466
0  
1  mm 697 466
0  
0  
1  mm 695 466
0  
0  
0  
0  
0  
1  mm 695 467
0  
1  mm 695 468
0  
0  
1  mm 695 470
1  mm 695 471
1  mm 696 472
1  mm 696 469
0  
0  
0  
0  
0  
0  
0  
0  
0  
0  
0  
0  
0  
0  
0  
0  
1  mb 1 1 696 469
0  
0  
0  
0  
0  
0  
0  
0  
0  
0  
1 T 1523750627.069000 
0  
0  
1  mb 1 0 696 469
0  
0  
0  
0  
0  
0  
0  
0  
0  
0  
0  
0  
0  
0  
0  
0  
0  
0  
0  
1  kd 8 696 469
0  
0  
1  ku 8 696 469
0  
0  
0  
0  
0  
0  
0  
0  
0  
0  
1  kd 48 696 469
0  
0  
0  
0  
1  ku 48 696 469
0  
0  
0  
0  
0  
0  
0  
0  
0  
0  
0  
0  
0  
0  
0  
0  
0  
0  
0  
0  
0  
0  
0  
0  
0  
0  
0  
0  
0  
0  
0  
0  
0  
0  
0  
1  mm 770 480
1  mm 908 519
1  mm 950 541
1  mm 1009 571
1  mm 1086 630
1  mm 1113 656
1  mm 1197 699
1  mm 1292 753
1  mm 1319 767
1  mm 1344 778
1  mm 1351 781
2  mm 1360 785 mm 1361 786
1  mm 1366 788
1  mm 1367 789
1  mm 1367 791
1  mm 1363 792
0  
0  
0  
0  
0  
0  
1 T 1523750628.669000 
0  
0  
0  
0  
0  
0  
0  
0  
1  mm 1345 796
1  mm 1315 803
1  mm 1304 804
1  mm 1299 806
1  mm 1293 808
1  mm 1289 808
1  mm 1286 808
1  mm 1282 808
1  mm 1279 808
1  mm 1278 808
1  mm 1275 808
0  
1  mm 1273 808
1  mm 1271 808
0  
0  
1  mm 1269 808
1  mm 1269 806
0  
0  
0  
0  
0  
0  
0  
0  
0  
0  
0  
0  
0  
0  
0  
0  
0  
1  mb 1 1 1269 806
0  
0  
0  
0  
0  
0  
0  
0  
0  
0  
0  
0  
0  
1  mb 1 0 1269 806
0  
0  
0  
0  
0  
0  
0  
0  
0  
0  
0  
0  
0  
0  
0  
0  
0  
0  
1  mm 1270 800
1  mm 1283 778
1  mm 1305 740
1  mm 1325 710
1  mm 1341 689
1  mm 1358 666
1  mm 1365 657
1  mm 1371 649
1  mm 1374 646
1  mm 1376 643
1  mm 1379 640
1  mm 1379 639
1  mm 1381 637
1  mm 1381 636
0  
0  
1  mm 1383 636
0  
0  
0  
0  
0  
0  
1 T 1523750630.271000 
0  
0  
0  
0  
0  
1  mm 1383 638
1  mm 1382 650
1  mm 1380 655
1  mm 1379 661
1  mm 1377 665
1  mm 1376 670
1  mm 1374 671
1  mm 1370 676
0  
0  
0  
0  
0  
0  
0  
0  
0  
0  
0  
1  mb 1 1 1370 676
0  
0  
0  
0  
0  
0  
0  
0  
0  
0  
0  
0  
0  
1  mb 1 0 1370 676
0  
0  
0  
0  
0  
0  
0  
0  
0  
0  
0  
0  
0  
0  
0  
0  
0  
0  
0  
0  
0  
0  
0  
0  
0  
0  
0  
0  
0  
0  
0  
0  
0  
0  
0  
0  
0  
0  
0  
1  mm 1370 680
1  mm 1372 684
1  mm 1376 688
1  mm 1379 691
1  mm 1382 693
1  mm 1388 697
1  mm 1392 699
1  mm 1397 703
1  mm 1399 706
1  mm 1401 707
1  mm 1404 709
1  mm 1405 710
1  mm 1407 711
1  mm 1408 713
1  mm 1409 714
2  mm 1411 714 mm 1412 714
1  mm 1414 714
0  
0  
0  
0  
1 T 1523750631.898000 
0  
0  
0  
0  
0  
0  
0  
0  
0  
0  
0  
0  
0  
0  
1  mm 1416 717
1  mm 1416 722
1  mm 1419 726
1  mm 1421 729
1  mm 1422 730
1  mm 1424 733
0  
1  mm 1424 734
1  mm 1424 736
1  mm 1424 739
0  
0  
0  
0  
0  
0  
0  
0  
0  
0  
0  
0  
0  
0  
1  mb 1 1 1424 739
0  
0  
0  
0  
0  
0  
0  
0  
0  
0  
0  
0  
0  
1  mb 1 0 1424 739
4 af 108 af 111 af 114 af 117 
2 af 109 af 113 
2 af 110 af 116 
1 af 112 
1 af 115 
0  
0  
1  mm 1372 625
1  mm 1353 553
1  mm 1343 501
1  mm 1341 487
1  mm 1341 482
1  mm 1341 480
1  mm 1341 478
0  
1  mm 1341 475
1  mm 1341 474
1  mm 1341 470
1  mm 1341 467
1  mm 1341 464
1  mm 1341 461
1  mm 1341 459
1  mm 1341 458
1  mm 1341 457
1  mm 1341 455
0  
1  mm 1341 452
0  
0  
0  
0  
0  
0  
0  
0  
0  
1  mm 1342 451
1  mm 1345 448
1  mm 1350 443
1  mm 1354 439
1  mm 1356 438
0  
0  
0  
0  
0  
1 T 1523750633.498000 
0  
0  
0  
0  
0  
0  
0  
0  
0  
0  
0  
0  
0  
1  mm 1363 429
1  mm 1370 420
1  mm 1381 409
1  mm 1384 404
1  mm 1385 400
1  mm 1390 397
1  mm 1391 394
1  mm 1392 392
1  mm 1392 390
0  
0  
0  
0  
0  
0  
0  
0  
0  
0  
0  
0  
1  mb 1 1 1392 390
0  
0  
0  
0  
0  
0  
0  
0  
0  
0  
0  
0  
1  mb 1 0 1392 390
0  
0  
0  
0  
0  
0  
0  
0  
0  
0  
0  
0  
0  
0  
0  
0  
1  mm 1392 392
1  mm 1392 401
1  mm 1390 408
1  mm 1388 415
1  mm 1387 423
1  mm 1385 427
1  mm 1384 430
1  mm 1384 434
1  mm 1384 437
1  mm 1384 440
1  mm 1384 443
1  mm 1384 444
1  mm 1384 447
0  
0  
0  
0  
0  
0  
0  
0  
0  
0  
0  
0  
0  
0  
0  
1  mb 1 1 1384 447
0  
0  
0  
0  
0  
0  
1 T 1523750635.097000 
0  
0  
0  
0  
0  
0  
1  mb 1 0 1384 447
0  
0  
0  
0  
0  
0  
0  
0  
0  
0  
0  
0  
1  mm 1384 453
1  mm 1384 465
1  mm 1384 476
1  mm 1384 492
1  mm 1384 502
1  mm 1384 509
1  mm 1384 517
1  mm 1384 521
1  mm 1384 524
1  mm 1384 528
1  mm 1384 531
0  
1  mm 1384 534
1  mm 1384 535
0  
0  
0  
0  
0  
0  
0  
0  
0  
0  
0  
0  
0  
0  
1  mb 1 1 1384 535
0  
0  
0  
0  
0  
0  
0  
0  
0  
0  
0  
0  
0  
1  mb 1 0 1384 535
1 af 118 
2 af 118 af 119 
0  
0  
0  
0  
0  
0  
0  
0  
0  
0  
1  mm 1384 544
1  mm 1384 554
1  mm 1384 568
1  mm 1384 573
1  mm 1382 577
1  mm 1382 583
1  mm 1382 586
1  mm 1382 592
1  mm 1382 596
1  mm 1382 599
1  mm 1382 604
1  mm 1382 605
1  mm 1382 606
1  mm 1382 609
1  mm 1381 609
0  
0  
0  
0  
0  
0  
0  
0  
0  
0  
1 T 1523750636.699000 
1  mb 1 1 1381 609
0  
0  
0  
0  
0  
0  
0  
0  
0  
0  
0  
0  
1  mb 1 0 1381 609
0  
0  
0  
0  
0  
0  
0  
0  
0  
0  
0  
0  
0  
0  
1  mm 1382 621
1  mm 1383 630
1  mm 1385 638
1  mm 1387 650
1  mm 1387 657
1  mm 1388 659
1  mm 1388 665
1  mm 1388 668
1  mm 1388 671
1  mm 1388 674
1  mm 1388 675
0  
0  
0  
0  
0  
0  
0  
0  
0  
0  
0  
0  
0  
0  
0  
1  mb 1 1 1388 675
0  
0  
0  
0  
0  
0  
0  
0  
0  
0  
0  
0  
1  mb 1 0 1388 675
2 af 120 af 121 
0  
0  
0  
0  
0  
0  
0  
0  
0  
0  
0  
0  
0  
0  
1  mm 1392 682
1  mm 1396 688
1  mm 1399 692
1  mm 1402 698
1  mm 1405 701
1  mm 1409 704
1  mm 1415 709
1  mm 1418 713
1  mm 1425 716
1  mm 1426 719
1  mm 1427 722
1  mm 1430 723
1  mm 1430 725
1  mm 1433 726
1  mm 1433 731
0  
1 T 1523750638.300000 
0  
0  
0  
0  
0  
0  
0  
0  
0  
0  
0  
0  
1  mb 1 1 1433 731
0  
0  
0  
0  
0  
0  
0  
0  
0  
0  
0  
0  
1  mb 1 0 1433 731
2 af 122 af 125 
2 af 123 af 127 
1 af 124 
1 af 126 
1 af 128 
0  
0  
0  
0  
0  
0  
0  
0  
0  
1  mm 1422 710
1  mm 1404 674
1  mm 1396 650
1  mm 1392 641
1  mm 1391 636
1  mm 1389 632
1  mm 1389 627
1  mm 1389 623
1  mm 1389 607
1  mm 1387 594
1  mm 1387 583
1  mm 1387 575
1  mm 1387 571
1  mm 1387 567
1  mm 1387 564
1  mm 1387 562
1  mm 1387 558
1  mm 1387 557
1  mm 1387 554
1  mm 1387 552
1  mm 1387 551
0  
1  mm 1387 549
1  mm 1387 548
0  
0  
1  mm 1387 547
1  mm 1387 544
1  mm 1387 542
1  mm 1387 538
1  mm 1387 524
1  mm 1387 507
1  mm 1387 466
1  mm 1385 439
1  mm 1385 426
1  mm 1385 418
1  mm 1385 417
1  mm 1385 414
1  mm 1385 412
1  mm 1385 411
0  
0  
0  
0  
0  
0  
0  
0  
0  
0  
0  
0  
0  
0  
0  
0  
0  
1  mb 1 1 1385 411
0  
1 T 1523750639.900000 
0  
0  
0  
0  
0  
0  
0  
0  
0  
0  
1  mb 1 0 1385 411
0  
0  
0  
0  
0  
0  
0  
0  
0  
0  
0  
0  
0  
0  
0  
0  
0  
0  
0  
0  
1  mm 1385 418
1  mm 1386 429
1  mm 1386 440
1  mm 1387 450
1  mm 1387 456
1  mm 1387 459
1  mm 1387 463
1  mm 1387 465
1  mm 1387 466
0  
0  
0  
0  
0  
0  
0  
0  
0  
0  
0  
1  mb 1 1 1387 466
0  
0  
0  
0  
0  
0  
0  
0  
0  
0  
0  
0  
0  
1  mb 1 0 1387 466
2 af 129 af 130 
0  
0  
0  
0  
0  
0  
0  
0  
0  
0  
0  
0  
1  mm 1387 475
1  mm 1387 488
1  mm 1387 497
1  mm 1387 511
1  mm 1387 517
1  mm 1387 522
1  mm 1387 528
1  mm 1387 536
1  mm 1387 540
1  mm 1387 546
1  mm 1389 549
1  mm 1388 557
0  
0  
0  
0  
0  
0  
0  
0  
1 T 1523750641.501000 
0  
1  mb 1 1 1388 557
0  
0  
0  
0  
0  
0  
0  
0  
0  
0  
0  
0  
1  mb 1 0 1388 557
0  
0  
0  
0  
0  
0  
0  
0  
0  
0  
0  
0  
0  
0  
0  
0  
0  
0  
1  mm 1388 560
1  mm 1388 567
1  mm 1388 573
1  mm 1388 579
1  mm 1388 582
2  mm 1388 585 mm 1388 586
1  mm 1388 589
1  mm 1388 590
1  mm 1389 593
1  mm 1390 595
0  
0  
0  
0  
0  
0  
0  
0  
0  
0  
0  
0  
0  
1  mb 1 1 1390 595
0  
0  
0  
0  
0  
0  
0  
0  
0  
0  
0  
0  
0  
1  mb 1 0 1390 595
0  
0  
0  
2 af 131 af 132 
0  
0  
0  
0  
0  
0  
0  
1  mm 1390 601
1  mm 1394 615
1  mm 1395 624
1  mm 1399 636
1  mm 1401 643
1  mm 1401 647
1  mm 1402 653
1  mm 1402 654
1  mm 1403 657
1  mm 1403 662
1  mm 1403 664
1  mm 1403 666
1  mm 1403 669
1  mm 1403 670
1  mm 1403 672
1  mm 1403 673
0  
1 T 1523750643.100000 
1  mm 1405 673
0  
0  
0  
0  
0  
0  
0  
0  
0  
0  
0  
1  mb 1 1 1405 673
0  
0  
0  
0  
0  
0  
0  
0  
0  
0  
0  
0  
1  mb 1 0 1405 673
0  
0  
0  
0  
0  
0  
0  
0  
0  
0  
0  
0  
1  mm 1408 682
1  mm 1411 686
1  mm 1415 694
1  mm 1417 697
1  mm 1423 701
1  mm 1427 706
1  mm 1431 711
1  mm 1436 715
1  mm 1438 717
1  mm 1440 720
1  mm 1441 721
1  mm 1443 724
1  mm 1444 725
1  mm 1446 727
1  mm 1447 728
1  mm 1450 728
0  
0  
0  
0  
0  
0  
0  
0  
0  
0  
0  
0  
0  
1  mb 1 1 1450 728
0  
0  
0  
0  
0  
0  
0  
0  
0  
0  
0  
0  
1  mb 1 0 1450 728
1 af 133 
1 af 134 
2 af 135 af 138 
2 af 136 af 140 
1 af 137 
1 af 139 
1 af 141 
0  
0  
0  
1  mm 1443 715
1  mm 1411 658
1  mm 1402 629
1  mm 1398 613
1  mm 1395 599
1  mm 1393 588
2  mm 1391 580 mm 1391 574
1  mm 1389 565
2 T 1523750644.707000 mm 1387 555
1  mm 1386 541
1  mm 1384 536
1  mm 1383 532
1  mm 1383 527
1  mm 1383 524
1  mm 1383 519
1  mm 1383 516
1  mm 1383 511
1  mm 1383 505
1  mm 1383 503
1  mm 1383 498
1  mm 1383 497
1  mm 1383 495
1  mm 1383 491
1  mm 1383 488
1  mm 1383 485
1  mm 1383 478
1  mm 1383 474
1  mm 1383 464
1  mm 1383 457
1  mm 1383 455
1  mm 1385 449
1  mm 1385 447
1  mm 1385 443
1  mm 1386 442
1  mm 1386 439
1  mm 1387 436
1  mm 1389 433
1  mm 1390 430
1  mm 1390 429
0  
0  
0  
0  
0  
0  
0  
0  
0  
0  
0  
0  
0  
0  
0  
1  mb 1 1 1390 429
0  
0  
0  
0  
0  
0  
0  
0  
0  
0  
0  
0  
1  mb 1 0 1390 429
0  
0  
0  
0  
0  
0  
0  
0  
0  
0  
0  
0  
0  
0  
1  mm 1390 432
1  mm 1390 437
1  mm 1392 443
1  mm 1392 447
1  mm 1392 450
1  mm 1392 453
1  mm 1392 454
1  mm 1392 456
1  mm 1392 457
0  
0  
0  
0  
0  
0  
0  
0  
0  
0  
1  mb 1 1 1392 457
0  
0  
0  
0  
0  
0  
1 T 1523750646.307000 
0  
0  
0  
0  
0  
0  
1  mb 1 0 1392 457
0  
0  
0  
0  
0  
0  
0  
0  
0  
0  
0  
0  
0  
0  
0  
1  mm 1396 472
1  mm 1400 491
1  mm 1401 500
1  mm 1401 505
1  mm 1403 510
1  mm 1403 511
1  mm 1403 516
1  mm 1403 517
1  mm 1403 520
1  mm 1403 521
1  mm 1403 523
0  
0  
0  
0  
0  
0  
0  
0  
0  
0  
0  
0  
0  
0  
0  
1  mb 1 1 1403 523
0  
0  
0  
0  
0  
0  
0  
0  
0  
0  
0  
0  
1  mb 1 0 1403 523
0  
0  
0  
0  
0  
0  
0  
0  
0  
0  
0  
0  
0  
0  
1  mm 1405 531
1  mm 1408 542
1  mm 1416 561
1  mm 1418 568
1  mm 1420 573
1  mm 1421 579
1  mm 1423 582
1  mm 1424 584
1  mm 1424 589
1  mm 1424 592
1  mm 1424 596
1  mm 1424 599
1  mm 1424 603
0  
0  
0  
0  
0  
0  
0  
0  
0  
0  
1 T 1523750647.907000 
0  
1  mb 1 1 1424 603
0  
0  
0  
0  
0  
0  
0  
0  
0  
0  
0  
0  
1  mb 1 0 1424 603
0  
0  
0  
0  
0  
0  
0  
0  
0  
0  
0  
1  mm 1424 606
1  mm 1424 615
1  mm 1424 629
1  mm 1423 639
1  mm 1421 646
1  mm 1421 654
1  mm 1421 657
1  mm 1421 661
1  mm 1421 664
1  mm 1421 665
1  mm 1421 667
1  mm 1421 668
0  
0  
0  
0  
0  
0  
0  
0  
0  
0  
0  
0  
0  
1  mb 1 1 1421 668
0  
0  
0  
0  
0  
0  
0  
0  
0  
0  
0  
0  
1  mb 1 0 1421 668
0  
0  
0  
0  
0  
0  
0  
0  
0  
0  
0  
1  mm 1424 680
1  mm 1424 688
1  mm 1426 697
1  mm 1429 705
1  mm 1429 710
1  mm 1430 714
1  mm 1433 720
1  mm 1433 722
1  mm 1433 724
1  mm 1433 727
1  mm 1433 729
1  mm 1433 730
1  mm 1433 732
0  
1  mm 1436 734
1  mm 1436 736
0  
0  
0  
0  
0  
0  
0  
1 T 1523750649.506000 
0  
0  
0  
0  
0  
0  
0  
0  
1  mb 1 1 1436 736
0  
0  
0  
0  
0  
0  
0  
0  
0  
0  
0  
0  
1  mb 1 0 1436 736
7 af 142 af 145 af 148 af 151 af 154 af 157 af 160 
4 af 143 af 147 af 152 af 156 
3 af 144 af 150 af 158 
2 af 146 af 155 
1 af 149 
1 af 153 
1 af 159 
0  
0  
0  
0  
1  mm 1436 726
1  mm 1421 637
1  mm 1407 576
1  mm 1398 540
1  mm 1392 529
1  mm 1389 520
1  mm 1385 504
1  mm 1381 493
1  mm 1380 484
1  mm 1377 474
1  mm 1375 469
1  mm 1375 465
1  mm 1375 462
1  mm 1375 459
1  mm 1375 458
1  mm 1375 457
1  mm 1375 455
1  mm 1375 454
1  mm 1375 452
0  
0  
0  
0  
1  mm 1376 452
2  mm 1377 450 mm 1377 448
1  mm 1378 445
1  mm 1378 444
1  mm 1378 440
1  mm 1378 438
1  mm 1378 437
1  mm 1378 434
1  mm 1378 431
1  mm 1378 430
1  mm 1380 425
1  mm 1381 421
1  mm 1383 417
1  mm 1384 414
1  mm 1386 412
1  mm 1386 411
1  mm 1386 409
0  
0  
0  
0  
0  
0  
0  
0  
0  
0  
0  
0  
0  
0  
1  mb 1 1 1386 409
0  
0  
0  
0  
0  
0  
0  
0  
0  
0  
0  
1 T 1523750651.107000 
1  mb 1 0 1386 409
0  
0  
0  
0  
0  
0  
0  
0  
0  
1  mm 1386 418
1  mm 1386 424
1  mm 1386 433
1  mm 1385 445
1  mm 1385 453
1  mm 1383 465
1  mm 1383 472
1  mm 1383 474
1  mm 1383 480
1  mm 1383 483
1  mm 1383 486
1  mm 1383 487
1  mm 1383 489
1  mm 1383 490
0  
0  
0  
0  
0  
0  
0  
0  
0  
0  
0  
0  
0  
0  
0  
0  
1  mm 1383 487
1  mm 1383 486
1  mm 1383 484
1  mm 1383 481
1  mm 1385 480
1  mm 1385 478
0  
0  
0  
0  
0  
0  
0  
0  
0  
0  
0  
0  
0  
0  
0  
0  
0  
0  
0  
1  mb 1 1 1385 478
0  
0  
0  
0  
0  
0  
0  
0  
0  
0  
0  
0  
0  
1  mb 1 0 1385 478
0  
0  
0  
0  
0  
0  
0  
0  
0  
0  
0  
0  
0  
0  
0  
0  
0  
0  
0  
2 T 1523750652.707000 mm 1385 482
1  mm 1385 490
1  mm 1385 494
1  mm 1385 500
1  mm 1385 508
1  mm 1385 513
1  mm 1385 519
1  mm 1385 525
1  mm 1384 529
1  mm 1384 533
1  mm 1384 535
1  mm 1384 538
0  
0  
0  
0  
0  
0  
0  
0  
0  
0  
0  
0  
0  
0  
0  
0  
1  mb 1 1 1384 538
0  
0  
0  
0  
0  
0  
0  
0  
0  
0  
0  
0  
1  mb 1 0 1384 538
0  
0  
0  
0  
0  
0  
0  
0  
0  
0  
0  
0  
0  
0  
0  
0  
0  
0  
0  
0  
0  
1  mm 1384 545
1  mm 1384 550
1  mm 1384 557
1  mm 1384 562
1  mm 1384 568
1  mm 1384 574
1  mm 1384 579
1  mm 1384 583
1  mm 1384 587
1  mm 1384 590
1  mm 1384 595
1  mm 1384 596
1  mm 1384 597
0  
0  
0  
0  
0  
0  
0  
0  
0  
0  
0  
0  
0  
1  mb 1 1 1384 597
0  
0  
0  
0  
0  
0  
0  
0  
0  
0  
1 T 1523750654.306000 
0  
0  
1  mb 1 0 1384 597
0  
0  
0  
0  
0  
0  
0  
0  
0  
0  
0  
1  mm 1384 599
1  mm 1385 605
1  mm 1387 610
1  mm 1388 615
1  mm 1389 618
1  mm 1391 623
1  mm 1391 626
1  mm 1391 629
1  mm 1392 633
1  mm 1392 634
1  mm 1392 637
1  mm 1392 641
1  mm 1392 643
1  mm 1392 644
1  mm 1394 647
1  mm 1394 648
0  
0  
0  
0  
0  
0  
0  
0  
0  
0  
0  
0  
0  
1  mb 1 1 1394 648
0  
0  
0  
0  
0  
0  
0  
0  
0  
0  
0  
0  
1  mb 1 0 1394 648
0  
0  
0  
0  
0  
0  
0  
0  
0  
0  
0  
0  
1  mm 1395 653
1  mm 1399 661
1  mm 1404 666
1  mm 1407 671
1  mm 1410 677
1  mm 1413 681
1  mm 1416 686
1  mm 1419 690
1  mm 1421 693
1  mm 1424 699
1  mm 1427 702
1  mm 1430 706
1  mm 1431 707
1  mm 1431 710
1  mm 1434 714
1  mm 1436 716
1  mm 1436 719
1  mm 1439 722
1  mm 1439 724
1  mm 1441 729
0  
1  mm 1441 732
1  mm 1443 733
0  
0  
0  
0  
0  
0  
0  
1 T 1523750655.908000 
0  
0  
0  
0  
0  
0  
0  
0  
0  
0  
1  mb 1 1 1443 733
0  
0  
0  
0  
0  
0  
0  
0  
0  
0  
0  
0  
1  mb 1 0 1443 733
1 af 161 
1 af 162 
0  
0  
0  
0  
0  
0  
0  
0  
1  mm 1438 715
1  mm 1402 636
1  mm 1370 532
1  mm 1347 466
1  mm 1341 449
2  mm 1339 441 mm 1337 437
1  mm 1334 433
1  mm 1333 428
1  mm 1331 424
1  mm 1330 421
1  mm 1328 418
1  mm 1327 415
1  mm 1325 412
1  mm 1324 411
1  mm 1324 408
1  mm 1322 406
1  mm 1322 401
1  mm 1321 398
1  mm 1321 393
1  mm 1321 392
1  mm 1321 391
1  mm 1321 389
1  mm 1321 388
1  mm 1321 386
0  
0  
0  
0  
0  
0  
0  
0  
0  
0  
0  
1  mb 1 1 1321 386
0  
0  
0  
0  
0  
0  
0  
0  
0  
0  
0  
0  
1  mb 1 0 1321 386
0  
0  
0  
0  
0  
0  
0  
0  
1  mm 1325 390
1  mm 1345 419
1  mm 1357 434
1  mm 1365 443
1  mm 1369 449
1  mm 1371 452
1  mm 1372 455
1  mm 1374 458
2 T 1523750657.508000 mm 1375 461
1  mm 1376 464
1  mm 1378 468
1  mm 1379 471
1  mm 1381 474
1  mm 1382 478
0  
0  
0  
0  
0  
0  
0  
0  
0  
0  
0  
0  
0  
0  
0  
0  
0  
0  
0  
0  
1  mb 1 1 1382 478
0  
0  
0  
0  
0  
0  
0  
0  
0  
0  
0  
0  
1  mb 1 0 1382 478
0  
0  
0  
0  
0  
0  
0  
0  
0  
0  
0  
0  
0  
0  
0  
0  
0  
0  
0  
0  
0  
0  
1  mm 1387 490
1  mm 1393 499
1  mm 1394 506
1  mm 1396 512
1  mm 1398 517
1  mm 1399 522
1  mm 1401 525
1  mm 1401 530
1  mm 1401 534
1  mm 1401 535
1  mm 1401 538
1  mm 1401 540
0  
0  
0  
0  
0  
0  
0  
0  
0  
0  
0  
0  
0  
0  
1  mb 1 1 1401 540
0  
0  
0  
0  
0  
0  
0  
0  
0  
0  
0  
1 T 1523750659.109000 
1  mb 1 0 1401 540
0  
0  
0  
0  
0  
0  
0  
0  
0  
0  
0  
0  
0  
0  
0  
1  mm 1401 548
1  mm 1404 558
1  mm 1404 567
1  mm 1404 571
1  mm 1404 579
1  mm 1404 583
1  mm 1404 588
1  mm 1404 590
1  mm 1404 593
1  mm 1405 595
0  
0  
0  
0  
0  
0  
0  
0  
0  
0  
0  
0  
0  
1  mb 1 1 1405 595
0  
0  
0  
0  
0  
0  
0  
0  
0  
0  
0  
0  
1  mb 1 0 1405 595
0  
0  
0  
0  
0  
0  
0  
0  
0  
0  
1  mm 1405 598
1  mm 1405 606
1  mm 1405 612
2  mm 1405 616 mm 1405 619
1  mm 1405 622
1  mm 1405 627
1  mm 1405 631
1  mm 1405 632
1  mm 1405 635
1  mm 1405 640
1  mm 1405 641
1  mm 1405 644
1  mm 1405 645
1  mm 1405 647
1  mm 1405 648
1  mm 1405 649
1  mm 1405 651
1  mm 1405 652
1  mm 1405 654
1  mm 1405 655
1  mm 1405 657
1  mm 1405 658
1  mm 1405 659
0  
0  
0  
0  
1  mm 1405 661
1  mm 1407 662
1  mm 1406 672
0  
0  
0  
0  
0  
0  
1 T 1523750660.709000 
0  
0  
0  
0  
1  mb 1 1 1406 672
0  
0  
0  
0  
0  
0  
0  
0  
0  
0  
0  
0  
1  mb 1 0 1406 672
0  
0  
0  
0  
0  
0  
0  
0  
0  
0  
0  
0  
0  
0  
0  
0  
0  
0  
0  
1  mm 1406 677
1  mm 1407 682
1  mm 1408 688
1  mm 1410 692
1  mm 1410 695
1  mm 1410 703
1  mm 1410 706
1  mm 1410 711
1  mm 1410 714
1  mm 1410 717
1  mm 1410 718
1  mm 1410 720
1  mm 1410 721
1  mm 1410 723
1  mm 1410 724
0  
0  
1  mm 1411 726
1  mm 1413 727
1  mm 1416 730
1  mm 1417 734
1  mm 1418 737
1  mm 1421 737
0  
0  
0  
0  
0  
0  
0  
0  
0  
0  
0  
0  
1  mb 1 1 1421 737
0  
0  
0  
0  
0  
0  
0  
0  
0  
0  
0  
0  
0  
1  mb 1 0 1421 737
1 af 163 
1 af 164 
1 af 165 
0  
0  
0  
0  
0  
0  
0  
0  
0  
1 T 1523750662.309000 
0  
0  
1  mm 1417 693
1  mm 1403 606
1  mm 1401 581
1  mm 1401 566
1  mm 1399 552
1  mm 1399 548
1  mm 1398 540
1  mm 1398 534
1  mm 1398 529
1  mm 1398 521
1  mm 1398 515
1  mm 1398 512
1  mm 1398 508
1  mm 1398 505
1  mm 1398 502
1  mm 1398 501
1  mm 1398 500
1  mm 1398 498
1  mm 1398 497
1  mm 1398 491
1  mm 1398 482
1  mm 1398 470
1  mm 1398 447
1  mm 1398 436
1  mm 1398 432
1  mm 1398 428
1  mm 1398 425
1  mm 1398 422
1  mm 1398 421
1  mm 1398 419
1  mm 1398 418
1  mm 1398 415
1  mm 1398 410
0  
0  
0  
0  
0  
0  
0  
0  
0  
0  
0  
0  
0  
0  
1  mb 1 1 1398 410
0  
0  
0  
0  
0  
0  
0  
0  
0  
0  
0  
0  
0  
1  mb 1 0 1398 410
0  
0  
0  
0  
0  
0  
0  
0  
0  
0  
0  
0  
0  
0  
0  
1  mm 1398 411
1  mm 1398 415
1  mm 1398 423
1  mm 1398 427
1  mm 1398 434
1  mm 1398 444
1  mm 1398 450
1  mm 1398 456
1  mm 1398 459
1  mm 1398 462
1  mm 1398 466
1  mm 1398 467
1  mm 1398 469
0  
0  
0  
0  
0  
0  
0  
1 T 1523750663.908000 
0  
0  
0  
0  
1  mb 1 1 1398 469
0  
0  
0  
0  
0  
0  
0  
0  
0  
0  
0  
0  
0  
1  mb 1 0 1398 469
0  
0  
0  
0  
0  
0  
0  
0  
0  
0  
0  
0  
0  
1  mm 1398 477
1  mm 1400 490
1  mm 1402 508
1  mm 1404 519
1  mm 1406 526
1  mm 1406 535
1  mm 1406 538
1  mm 1406 543
1  mm 1406 547
1  mm 1407 550
1  mm 1407 553
0  
0  
0  
0  
0  
0  
0  
0  
0  
0  
1  mb 1 1 1407 553
0  
0  
0  
0  
0  
0  
0  
0  
0  
0  
0  
0  
0  
1  mb 1 0 1407 553
0  
0  
0  
0  
0  
0  
0  
0  
1  mm 1407 558
1  mm 1409 571
1  mm 1411 582
1  mm 1412 588
1  mm 1412 592
2  mm 1412 593 mm 1412 595
1  mm 1412 598
1  mm 1412 599
1  mm 1412 601
1  mm 1412 602
0  
0  
0  
0  
0  
0  
0  
0  
0  
0  
0  
0  
0  
1 T 1523750665.508000 
0  
1  mb 1 1 1412 602
0  
0  
0  
0  
0  
0  
0  
0  
0  
0  
0  
0  
1  mb 1 0 1412 602
0  
0  
0  
0  
0  
0  
0  
0  
0  
0  
0  
0  
0  
0  
0  
0  
0  
0  
0  
0  
0  
0  
1  mm 1412 605
1  mm 1412 609
1  mm 1412 612
1  mm 1412 616
1  mm 1412 618
1  mm 1412 622
1  mm 1412 625
1  mm 1412 626
1  mm 1412 631
1  mm 1412 633
1  mm 1412 635
1  mm 1412 636
1  mm 1412 638
0  
0  
0  
0  
0  
0  
0  
0  
0  
0  
0  
0  
0  
0  
0  
1  mb 1 1 1412 638
0  
0  
0  
0  
0  
0  
0  
0  
0  
0  
0  
0  
0  
1  mb 1 0 1412 638
0  
0  
0  
0  
0  
0  
0  
0  
0  
0  
0  
0  
0  
0  
0  
1  mm 1412 642
1  mm 1412 647
1  mm 1412 658
1  mm 1412 667
2 T 1523750667.110000 mm 1412 680
1  mm 1414 698
1  mm 1416 711
1  mm 1416 725
1  mm 1416 729
1  mm 1416 736
1  mm 1419 742
1  mm 1420 744
1  mm 1420 749
1  mm 1420 752
1  mm 1422 755
1  mm 1422 757
1  mm 1422 759
1  mm 1422 760
1  mm 1424 763
1  mm 1424 766
1  mm 1424 769
1  mm 1426 770
1  mm 1426 772
1  mm 1426 773
1  mm 1426 774
1  mm 1427 776
1  mm 1427 777
1  mm 1429 779
1  mm 1432 780
1  mm 1432 782
0  
0  
0  
0  
0  
0  
0  
0  
0  
0  
0  
0  
0  
0  
0  
0  
0  
0  
0  
0  
0  
0  
0  
0  
1  mm 1432 776
1  mm 1433 764
1  mm 1433 758
1  mm 1433 752
1  mm 1433 748
1  mm 1433 745
1  mm 1433 742
1  mm 1433 740
1  mm 1433 739
1  mm 1435 738
0  
0  
0  
0  
0  
0  
0  
0  
0  
0  
0  
1  mb 1 1 1435 738
0  
0  
0  
0  
0  
0  
0  
0  
0  
0  
0  
0  
1  mb 1 0 1435 738
1 af 166 
0  
0  
0  
0  
0  
0  
0  
1  mm 1408 662
1  mm 1392 620
1  mm 1385 595
1  mm 1382 582
1  mm 1381 576
1  mm 1379 571
1  mm 1378 567
2 T 1523750668.709000 mm 1378 564
1  mm 1378 557
1  mm 1378 552
1  mm 1378 546
1  mm 1378 540
1  mm 1378 535
1  mm 1378 534
1  mm 1378 530
1  mm 1378 528
1  mm 1378 524
1  mm 1378 520
1  mm 1378 517
1  mm 1378 512
1  mm 1378 506
1  mm 1378 502
1  mm 1378 483
1  mm 1378 462
1  mm 1378 438
1  mm 1379 415
1  mm 1379 409
1  mm 1379 406
1  mm 1379 400
1  mm 1379 397
1  mm 1379 396
1  mm 1379 394
1  mm 1379 393
0  
0  
0  
0  
0  
0  
0  
0  
0  
0  
0  
0  
0  
0  
1  mb 1 1 1379 393
0  
0  
0  
0  
0  
0  
0  
0  
0  
0  
0  
0  
1  mb 1 0 1379 393
0  
0  
0  
0  
0  
0  
0  
0  
0  
0  
0  
1  mm 1379 395
1  mm 1379 405
1  mm 1379 418
1  mm 1379 436
1  mm 1379 445
1  mm 1379 455
1  mm 1379 461
1  mm 1379 471
1  mm 1379 477
1  mm 1379 482
1  mm 1379 487
1  mm 1379 492
1  mm 1379 493
1  mm 1379 496
0  
0  
0  
0  
0  
0  
0  
0  
0  
0  
0  
1  mb 1 1 1379 496
0  
0  
0  
0  
0  
0  
0  
0  
0  
1 T 1523750670.309000 
0  
0  
1  mb 1 0 1379 496
0  
0  
0  
0  
0  
0  
0  
0  
0  
0  
0  
0  
0  
0  
0  
0  
0  
1  mm 1379 501
1  mm 1379 507
1  mm 1379 515
1  mm 1379 518
1  mm 1379 522
1  mm 1379 525
1  mm 1379 528
1  mm 1379 531
1  mm 1379 536
1  mm 1379 538
1  mm 1379 541
1  mm 1379 545
0  
0  
0  
0  
0  
0  
0  
0  
0  
0  
0  
0  
0  
0  
0  
1  mb 1 1 1379 545
0  
0  
0  
0  
0  
0  
0  
0  
0  
0  
0  
0  
1  mb 1 0 1379 545
0  
0  
0  
0  
0  
0  
0  
0  
0  
0  
0  
0  
0  
0  
1  mm 1380 557
1  mm 1382 563
1  mm 1383 568
1  mm 1383 572
1  mm 1385 575
1  mm 1385 579
1  mm 1385 584
1  mm 1386 588
1  mm 1386 594
1  mm 1386 597
1  mm 1386 598
1  mm 1388 601
1  mm 1388 603
0  
0  
0  
0  
0  
0  
0  
0  
0  
0  
0  
1 T 1523750671.910000 
1  mb 1 1 1388 603
0  
0  
0  
0  
0  
0  
0  
0  
0  
0  
0  
0  
0  
1  mb 1 0 1388 603
0  
0  
0  
0  
0  
0  
0  
0  
0  
0  
0  
0  
0  
0  
0  
0  
0  
0  
0  
0  
0  
1  mm 1388 608
1  mm 1388 617
1  mm 1388 627
1  mm 1388 631
1  mm 1388 639
1  mm 1388 647
1  mm 1388 651
1  mm 1388 654
1  mm 1388 659
1  mm 1388 662
1  mm 1388 664
0  
0  
0  
0  
0  
0  
0  
0  
0  
0  
0  
0  
0  
1  mb 1 1 1388 664
0  
0  
0  
0  
0  
0  
0  
0  
0  
0  
0  
0  
0  
1  mb 1 0 1388 664
0  
0  
0  
0  
0  
0  
0  
0  
0  
0  
0  
0  
1  mm 1388 667
2  mm 1389 672 mm 1391 673
1  mm 1391 676
1  mm 1394 680
1  mm 1397 686
1  mm 1398 689
1  mm 1401 694
1  mm 1404 702
1  mm 1407 706
1  mm 1410 714
1  mm 1412 719
1  mm 1413 723
2 T 1523750673.511000 mm 1415 727
1  mm 1416 729
1  mm 1416 732
1  mm 1417 733
1  mm 1419 735
1  mm 1420 737
0  
0  
0  
0  
0  
0  
0  
0  
0  
0  
0  
0  
0  
0  
0  
1  mb 1 1 1420 737
0  
0  
0  
0  
0  
0  
0  
0  
0  
0  
0  
0  
0  
1  mb 1 0 1420 737
1 af 167 
2 af 168 af 171 
1 af 169 
1 af 170 
0  
0  
0  
0  
1  mm 1420 730
1  mm 1414 689
1  mm 1394 604
1  mm 1385 578
1  mm 1382 566
1  mm 1380 559
1  mm 1378 551
1  mm 1375 534
1  mm 1373 521
1  mm 1371 510
1  mm 1369 500
1  mm 1368 496
1  mm 1366 491
1  mm 1365 485
1  mm 1365 481
1  mm 1365 475
1  mm 1365 472
1  mm 1365 469
1  mm 1365 468
1  mm 1365 466
1  mm 1365 465
1  mm 1365 464
1  mm 1365 462
1  mm 1365 461
1  mm 1365 458
1  mm 1365 456
1  mm 1365 452
1  mm 1366 448
1  mm 1368 445
1  mm 1369 439
1  mm 1371 438
1  mm 1371 435
1  mm 1372 431
1  mm 1374 429
1  mm 1377 423
1  mm 1377 420
1  mm 1378 419
1  mm 1378 417
1  mm 1379 417
0  
0  
0  
0  
0  
0  
0  
0  
0  
0  
0  
0  
0  
0  
1  mb 1 1 1379 417
0  
0  
1 T 1523750675.111000 
0  
0  
0  
0  
0  
0  
0  
0  
0  
1  mb 1 0 1379 417
0  
0  
0  
0  
0  
0  
0  
0  
0  
0  
0  
0  
0  
1  mm 1379 419
1  mm 1379 425
1  mm 1379 428
2  mm 1379 429 mm 1379 431
1  mm 1379 434
1  mm 1379 435
1  mm 1379 439
1  mm 1379 444
1  mm 1379 447
1  mm 1379 451
1  mm 1379 454
1  mm 1379 455
1  mm 1379 458
1  mm 1379 459
0  
0  
0  
0  
0  
0  
0  
0  
0  
0  
0  
0  
0  
0  
1  mb 1 1 1379 459
0  
0  
0  
0  
0  
0  
0  
0  
0  
0  
0  
0  
0  
1  mb 1 0 1379 459
0  
0  
0  
0  
0  
0  
0  
0  
0  
0  
1  mm 1379 461
1  mm 1379 467
1  mm 1379 470
1  mm 1379 476
1  mm 1383 486
1  mm 1383 492
1  mm 1383 500
1  mm 1383 503
1  mm 1383 506
1  mm 1383 510
1  mm 1383 513
1  mm 1383 514
1  mm 1383 516
0  
0  
0  
0  
0  
0  
0  
0  
0  
0  
1 T 1523750676.711000 
0  
1  mb 1 1 1383 516
0  
0  
0  
0  
0  
0  
0  
0  
0  
0  
0  
0  
1  mb 1 0 1383 516
0  
0  
0  
0  
0  
0  
0  
0  
0  
0  
0  
0  
0  
1  mm 1383 526
1  mm 1388 547
1  mm 1392 558
1  mm 1394 566
1  mm 1395 574
1  mm 1395 577
1  mm 1395 582
1  mm 1395 586
1  mm 1395 590
1  mm 1395 593
1  mm 1395 599
1  mm 1395 602
1  mm 1397 606
1  mm 1397 609
0  
0  
0  
0  
0  
0  
0  
0  
0  
0  
0  
0  
1  mb 1 1 1397 609
0  
0  
0  
0  
0  
0  
0  
0  
0  
0  
0  
0  
1  mb 1 0 1397 609
0  
0  
0  
0  
0  
0  
0  
0  
0  
0  
0  
0  
0  
0  
1  mm 1397 611
1  mm 1397 617
1  mm 1397 619
1  mm 1397 625
1  mm 1397 630
1  mm 1397 633
1  mm 1397 634
1  mm 1397 637
1  mm 1397 638
1  mm 1396 642
0  
0  
0  
0  
0  
0  
0  
1 T 1523750678.313000 
0  
0  
0  
0  
1  mb 1 1 1396 642
0  
0  
0  
0  
0  
0  
0  
0  
0  
0  
0  
0  
0  
1  mb 1 0 1396 642
0  
0  
0  
0  
0  
0  
0  
0  
0  
0  
0  
0  
0  
0  
0  
0  
1  mm 1397 654
1  mm 1399 663
1  mm 1401 677
1  mm 1402 685
1  mm 1404 695
1  mm 1406 702
1  mm 1407 705
1  mm 1407 711
1  mm 1409 712
1  mm 1409 715
1  mm 1410 719
1  mm 1412 724
1  mm 1413 729
1  mm 1415 732
1  mm 1416 735
1  mm 1418 740
1  mm 1419 741
1  mm 1419 744
1  mm 1419 745
0  
0  
0  
0  
0  
0  
0  
0  
0  
0  
1  mb 1 1 1419 745
0  
0  
0  
0  
0  
0  
0  
0  
0  
0  
0  
0  
0  
1  mb 1 0 1419 745
1 af 172 
2 af 173 af 176 
1 af 174 
1 af 175 
0  
0  
0  
0  
1  mm 1389 639
1  mm 1381 605
1  mm 1379 583
1  mm 1377 573
1  mm 1377 567
1  mm 1377 561
1  mm 1376 558
1  mm 1376 555
1  mm 1374 547
1  mm 1373 539
1  mm 1373 534
1  mm 1373 526
2 T 1523750679.913000 mm 1373 522
1  mm 1373 518
1  mm 1373 515
1  mm 1373 513
1  mm 1373 508
1  mm 1373 505
1  mm 1373 499
1  mm 1373 494
1  mm 1373 492
1  mm 1373 486
1  mm 1375 481
1  mm 1376 475
1  mm 1378 467
1  mm 1379 463
1  mm 1381 456
1  mm 1382 452
1  mm 1384 449
1  mm 1384 446
1  mm 1384 443
1  mm 1385 441
1  mm 1387 438
1  mm 1388 438
0  
0  
0  
0  
0  
0  
0  
0  
0  
0  
0  
0  
0  
0  
1  mb 1 1 1388 438
0  
0  
0  
0  
0  
0  
0  
0  
0  
0  
0  
0  
0  
1  mb 1 0 1388 438
0  
0  
0  
0  
0  
0  
0  
0  
0  
0  
0  
0  
0  
0  
0  
0  
0  
0  
0  
0  
0  
0  
1  mm 1388 440
1  mm 1388 444
1  mm 1388 447
1  mm 1388 453
1  mm 1388 455
1  mm 1388 458
1  mm 1388 461
1  mm 1388 464
1  mm 1388 467
1  mm 1388 468
1  mm 1388 470
1  mm 1388 471
0  
0  
0  
0  
0  
0  
0  
0  
0  
0  
0  
0  
0  
0  
0  
1 T 1523750681.513000 
1  mb 1 1 1388 471
0  
0  
0  
0  
0  
0  
0  
0  
0  
0  
0  
0  
1  mb 1 0 1388 471
0  
0  
0  
0  
0  
0  
0  
0  
0  
0  
0  
0  
0  
0  
0  
1  mm 1388 487
1  mm 1388 495
1  mm 1388 507
1  mm 1388 512
1  mm 1388 518
1  mm 1388 522
1  mm 1388 525
1  mm 1388 528
1  mm 1388 532
1  mm 1388 534
1  mm 1388 535
0  
0  
0  
0  
0  
0  
0  
0  
0  
0  
0  
0  
1  mb 1 1 1388 535
0  
0  
0  
0  
0  
0  
0  
0  
0  
0  
0  
0  
1  mb 1 0 1388 535
0  
0  
0  
0  
0  
0  
0  
0  
0  
0  
0  
0  
0  
0  
0  
0  
0  
0  
1  mm 1388 541
1  mm 1388 546
1  mm 1388 549
1  mm 1388 555
1  mm 1388 556
1  mm 1388 560
1  mm 1388 563
1  mm 1388 565
1  mm 1388 569
1  mm 1388 570
1  mm 1388 573
1  mm 1388 574
1  mm 1389 574
0  
0  
1 T 1523750683.112000 
0  
0  
0  
0  
0  
0  
0  
0  
0  
0  
0  
0  
1  mb 1 1 1389 574
0  
0  
0  
0  
0  
0  
0  
0  
0  
0  
0  
0  
0  
1  mb 1 0 1389 574
0  
0  
0  
0  
0  
0  
0  
0  
0  
0  
0  
0  
0  
1  mm 1389 581
1  mm 1391 589
1  mm 1397 604
1  mm 1398 613
1  mm 1400 619
1  mm 1401 625
1  mm 1403 630
1  mm 1403 633
1  mm 1404 638
1  mm 1406 641
1  mm 1406 647
1  mm 1406 652
1  mm 1406 654
1  mm 1406 657
1  mm 1405 659
0  
0  
0  
0  
0  
0  
0  
0  
0  
0  
0  
0  
0  
1  mb 1 1 1405 659
0  
0  
0  
0  
0  
0  
0  
0  
0  
0  
0  
0  
0  
1  mb 1 0 1405 659
0  
0  
0  
0  
0  
0  
0  
0  
0  
0  
0  
0  
0  
0  
1  mm 1405 662
1  mm 1408 672
2 T 1523750684.713000 mm 1410 678
1  mm 1411 685
1  mm 1413 691
1  mm 1414 694
1  mm 1417 698
1  mm 1417 701
1  mm 1418 704
1  mm 1420 707
1  mm 1420 710
1  mm 1421 713
1  mm 1423 715
1  mm 1423 717
1  mm 1423 718
1  mm 1423 720
0  
1  mm 1423 721
0  
1  mm 1424 724
0  
1  mm 1426 725
1  mm 1427 728
0  
0  
0  
1  mm 1428 728
1  mm 1430 730
1  mm 1431 730
1  mm 1433 731
1  mm 1434 732
1  mm 1436 732
1  mm 1437 732
0  
0  
0  
0  
0  
0  
0  
0  
0  
0  
0  
1  mb 1 1 1437 732
0  
0  
0  
0  
0  
0  
0  
0  
0  
0  
0  
0  
0  
1  mb 1 0 1437 732
1 af 177 
1 af 178 
0  
0  
0  
0  
0  
1  mm 1425 681
1  mm 1405 613
1  mm 1384 547
1  mm 1379 535
1  mm 1377 527
1  mm 1374 521
1  mm 1372 516
1  mm 1371 513
1  mm 1367 501
1  mm 1363 488
1  mm 1360 474
1  mm 1358 469
1  mm 1357 465
1  mm 1357 461
1  mm 1356 455
1  mm 1356 452
1  mm 1356 448
1  mm 1354 443
1  mm 1354 442
1  mm 1354 437
1  mm 1354 436
1  mm 1354 435
1  mm 1354 432
1  mm 1354 430
1  mm 1354 427
0  
1  mm 1354 426
1  mm 1354 423
0  
1  mm 1356 420
1  mm 1357 416
1  mm 1359 415
1  mm 1360 412
1  mm 1360 410
0  
0  
1 T 1523750686.313000 
0  
0  
0  
0  
0  
0  
0  
0  
1  mb 1 1 1360 410
0  
0  
0  
0  
0  
0  
0  
0  
0  
0  
0  
0  
0  
1  mb 1 0 1360 410
0  
0  
0  
0  
0  
0  
0  
0  
0  
0  
0  
1  mm 1366 435
1  mm 1369 444
1  mm 1369 450
1  mm 1372 456
1  mm 1374 459
1  mm 1374 462
1  mm 1374 463
1  mm 1374 464
1  mm 1375 466
0  
0  
0  
0  
0  
0  
0  
0  
0  
0  
0  
0  
0  
1  mb 1 1 1375 466
0  
0  
0  
0  
0  
0  
0  
0  
0  
0  
0  
0  
1  mb 1 0 1375 466
0  
0  
0  
0  
0  
0  
0  
0  
0  
0  
0  
1  mm 1375 480
1  mm 1377 490
1  mm 1379 501
1  mm 1379 509
1  mm 1379 512
1  mm 1379 516
1  mm 1379 519
1  mm 1379 522
1  mm 1380 525
1  mm 1380 528
0  
0  
0  
0  
0  
0  
0  
0  
1 T 1523750687.912000 
0  
1  mb 1 1 1380 528
0  
0  
0  
0  
0  
0  
0  
0  
0  
0  
0  
0  
0  
1  mb 1 0 1380 528
0  
0  
0  
0  
0  
0  
0  
1  mm 1380 531
1  mm 1382 542
1  mm 1386 558
1  mm 1388 567
1  mm 1389 572
1  mm 1389 579
1  mm 1389 582
1  mm 1389 585
1  mm 1389 588
1  mm 1389 589
1  mm 1389 591
1  mm 1389 592
1  mm 1389 595
1  mm 1389 596
0  
0  
0  
0  
0  
0  
0  
0  
0  
0  
0  
1  mb 1 1 1389 596
0  
0  
0  
0  
0  
0  
0  
0  
0  
0  
0  
0  
1  mb 1 0 1389 596
0  
0  
0  
0  
0  
0  
0  
0  
0  
0  
1  mm 1397 620
1  mm 1403 639
1  mm 1412 655
1  mm 1417 672
1  mm 1421 679
1  mm 1424 685
1  mm 1425 691
1  mm 1427 694
1  mm 1430 700
1  mm 1431 705
1  mm 1433 707
1  mm 1437 713
1  mm 1440 718
1  mm 1442 726
1  mm 1447 737
1  mm 1450 744
1  mm 1452 750
1  mm 1453 752
1  mm 1455 755
1  mm 1455 758
1  mm 1455 761
1  mm 1455 764
0  
0  
0  
0  
0  
1 T 1523750689.514000 
0  
0  
0  
0  
0  
0  
1  mb 1 1 1455 764
0  
0  
0  
0  
0  
0  
0  
0  
0  
0  
0  
0  
0  
1  md 1455 762
1  md 1453 756
1  md 1451 752
1  md 1450 749
1  md 1448 746
1  md 1448 745
1  md 1448 743
1  md 1448 742
1  mb 1 0 1448 741
0  
0  
0  
0  
0  
0  
0  
0  
0  
0  
0  
1  mb 1 1 1448 741
0  
0  
0  
0  
0  
0  
0  
0  
0  
0  
0  
0  
1  mb 1 0 1448 741
1 af 179 
0  
0  
0  
0  
0  
0  
0  
0  
0  
0  
0  
0  
0  
0  
0  
0  
0  
0  
0  
0  
1  mb 1 1 1448 741
0  
0  
0  
0  
0  
0  
0  
0  
0  
0  
0  
0  
1  mb 1 0 1448 741
0  
0  
0  
0  
0  
0  
0  
0  
0  
0  
1 T 1523750691.115000 
0  
0  
0  
0  
0  
0  
0  
0  
0  
0  
0  
0  
1  mb 1 1 1448 741
0  
0  
0  
0  
0  
0  
0  
0  
0  
0  
0  
0  
1  mb 1 0 1448 741
1 af 180 
1 af 181 
1 af 182 
0  
0  
0  
0  
0  
0  
0  
0  
0  
0  
0  
0  
0  
0  
0  
0  
0  
0  
0  
0  
0  
0  
0  
0  
0  
0  
0  
0  
0  
0  
0  
0  
0  
0  
0  
0  
0  
0  
0  
0  
0  
0  
0  
0  
0  
0  
0  
0  
0  
1  mb 1 1 1448 741
0  
0  
0  
0  
0  
0  
0  
0  
0  
0  
0  
0  
0  
1  mb 1 0 1448 741
1 af 183 
0  
0  
0  
0  
0  
1 T 1523750692.715000 
0  
0  
0  
0  
0  
0  
0  
0  
0  
0  
0  
0  
0  
0  
0  
0  
0  
0  
0  
0  
0  
0  
0  
0  
0  
0  
0  
0  
0  
0  
0  
0  
0  
0  
0  
0  
0  
0  
0  
0  
0  
0  
0  
0  
0  
0  
0  
0  
0  
0  
0  
0  
0  
0  
0  
0  
0  
0  
1  mb 1 1 1448 741
0  
0  
0  
0  
0  
0  
0  
0  
0  
0  
0  
0  
1  mb 1 0 1448 741
1 af 184 
1 af 185 
1 af 186 
0  
0  
0  
0  
0  
0  
0  
0  
0  
0  
0  
0  
0  
0  
0  
0  
0  
0  
0  
0  
0  
0  
0  
0  
1 T 1523750694.383000 
0  
0  
0  
0  
0  
0  
0  
0  
0  
0  
0  
0  
0  
0  
0  
0  
0  
0  
0  
0  
0  
0  
0  
0  
0  
0  
0  
0  
0  
0  
0  
0  
0  
0  
0  
1  mm 1445 731
1  mm 1423 659
1  mm 1416 624
1  mm 1409 608
1  mm 1408 596
1  mm 1406 593
1  mm 1405 590
1  mm 1405 586
0  
1  mm 1405 583
0  
1  mm 1405 581
1  mm 1405 579
0  
1  mm 1405 577
1  mm 1405 574
0  
0  
0  
0  
0  
0  
1  mm 1405 573
1  mm 1405 572
1  mm 1405 570
1  mm 1405 567
1  mm 1405 564
1  mm 1405 560
1  mm 1405 556
1  mm 1405 548
1  mm 1405 543
1  mm 1405 538
1  mm 1405 535
1  mm 1405 533
1  mm 1405 532
0  
0  
0  
0  
0  
0  
0  
0  
0  
0  
0  
0  
0  
0  
0  
0  
1  mb 1 1 1405 532
0  
0  
0  
0  
0  
0  
0  
0  
0  
0  
0  
0  
1 T 1523750695.984000 
1  mb 1 0 1405 532
2 af 187 af 188 
0  
0  
0  
0  
0  
0  
0  
0  
0  
0  
0  
0  
0  
0  
0  
0  
0  
0  
0  
0  
0  
0  
0  
0  
0  
0  
0  
0  
0  
0  
0  
0  
0  
0  
0  
0  
0  
0  
0  
0  
0  
0  
0  
0  
0  
0  
0  
0  
0  
0  
0  
0  
0  
0  
0  
0  
0  
0  
0  
0  
0  
0  
0  
0  
0  
0  
0  
0  
0  
0  
0  
0  
0  
0  
0  
0  
0  
0  
0  
0  
0  
0  
0  
0  
0  
0  
0  
0  
0  
0  
0  
0  
0  
0  
0  
0  
0  
1 T 1523750697.583000 
0  
0  
0  
0  
0  
0  
0  
0  
0  
0  
0  
0  
0  
0  
0  
0  
0  
0  
0  
0  
0  
0  
0  
0  
0  
0  
0  
0  
0  
0  
0  
0  
0  
0  
0  
0  
0  
0  
0  
0  
0  
0  
0  
0  
0  
0  
0  
0  
0  
0  
0  
0  
0  
0  
0  
0  
0  
0  
0  
0  
0  
0  
0  
0  
0  
0  
0  
0  
0  
0  
0  
1  mm 1403 532
1  mm 1402 532
1  mm 1401 534
0  
1  mm 1399 534
1  mm 1399 535
1  mm 1399 537
1  mm 1398 537
1  mm 1398 538
1  mm 1395 539
1  mm 1394 541
0  
1  mm 1391 542
0  
1  mm 1388 542
0  
0  
0  
0  
0  
0  
0  
0  
0  
0  
0  
0  
0  
1 T 1523750699.185000 
1  mm 1386 547
1  mm 1383 554
1  mm 1381 565
1  mm 1379 578
1  mm 1379 592
1  mm 1379 601
1  mm 1379 607
1  mm 1379 619
1  mm 1379 625
1  mm 1379 630
1  mm 1380 638
1  mm 1380 642
1  mm 1380 645
1  mm 1382 651
1  mm 1382 654
1  mm 1382 657
1  mm 1382 661
1  mm 1382 662
1  mm 1383 667
1  mm 1384 671
1  mm 1386 676
1  mm 1386 683
1  mm 1386 688
1  mm 1386 694
1  mm 1386 700
1  mm 1386 703
1  mm 1386 704
1  mm 1386 708
1  mm 1386 711
1  mm 1386 714
1  mm 1386 717
1  mm 1386 720
1  mm 1386 723
1  mm 1387 726
1  mm 1387 728
1  mm 1387 730
1  mm 1387 731
1  mm 1387 733
1  mm 1387 734
0  
1  mm 1387 736
1  mm 1387 737
0  
0  
0  
0  
0  
0  
0  
0  
0  
0  
0  
0  
1  mb 1 1 1387 737
0  
0  
0  
0  
0  
0  
0  
0  
0  
0  
0  
0  
0  
1  mb 1 0 1387 737
0  
0  
0  
0  
0  
0  
0  
0  
0  
0  
0  
0  
0  
0  
0  
0  
0  
0  
0  
0  
0  
0  
0  
0  
0  
0  
0  
0  
0  
0  
1 T 1523750700.784000 
0  
0  
0  
0  
0  
0  
0  
1  mm 1385 737
1  mm 1383 735
1  mm 1380 734
1  mm 1378 732
1  mm 1377 731
1  mm 1374 731
1  mm 1373 731
1  mm 1368 733
1  mm 1367 733
1  mm 1365 734
1  mm 1364 736
1  mm 1363 736
1  mm 1361 736
0  
0  
0  
1  mm 1358 737
1  mm 1357 738
1  mm 1354 740
0  
0  
0  
0  
0  
0  
0  
0  
0  
0  
0  
0  
0  
1  mb 1 1 1354 740
0  
0  
0  
0  
0  
0  
0  
0  
0  
0  
0  
0  
0  
1  mb 1 0 1354 740
1 af 189 
0  
0  
0  
0  
0  
0  
0  
0  
0  
0  
0  
0  
0  
0  
0  
0  
0  
0  
0  
0  
0  
0  
0  
0  
0  
0  
0  
1  mm 1347 719
1  mm 1335 686
1  mm 1331 671
1  mm 1323 654
1  mm 1323 647
1  mm 1322 641
1  mm 1320 631
1  mm 1320 625
1  mm 1320 613
1  mm 1320 606
1  mm 1320 600
1  mm 1322 590
1  mm 1322 585
1  mm 1324 579
1  mm 1327 573
1  mm 1329 568
1  mm 1329 565
2 T 1523750702.385000 mm 1331 563
1  mm 1333 560
1  mm 1336 557
1  mm 1338 554
1  mm 1340 551
1  mm 1341 550
1  mm 1343 547
0  
0  
0  
0  
0  
0  
0  
0  
0  
0  
0  
0  
1  mb 1 1 1343 547
0  
0  
0  
0  
0  
0  
0  
0  
0  
0  
0  
0  
1  mb 1 0 1343 547
0  
0  
0  
0  
0  
0  
0  
0  
0  
0  
0  
0  
0  
0  
0  
0  
0  
0  
0  
0  
0  
0  
0  
0  
0  
0  
0  
0  
0  
0  
0  
1  mm 1344 550
1  mm 1347 554
1  mm 1347 556
1  mm 1347 559
1  mm 1347 562
1  mm 1347 563
1  mm 1347 564
1  mm 1347 566
1  mm 1347 567
0  
0  
0  
1  mm 1347 569
1  mm 1348 570
1  mm 1348 572
1  mm 1348 573
0  
1  mm 1348 574
1  mm 1348 576
1  mm 1348 577
1  mm 1348 579
1  mm 1348 580
1  mm 1350 582
1  mm 1350 583
1  mm 1350 584
1  mm 1350 586
1  mm 1350 587
1  mm 1351 587
0  
1  mm 1351 589
0  
0  
0  
0  
0  
0  
1 T 1523750703.984000 
0  
0  
0  
0  
0  
0  
0  
0  
0  
0  
0  
0  
0  
0  
0  
0  
0  
0  
0  
0  
0  
0  
0  
0  
0  
0  
0  
0  
0  
0  
0  
0  
0  
0  
0  
0  
1  mb 1 1 1351 589
0  
0  
0  
0  
0  
0  
0  
0  
0  
0  
0  
0  
0  
1  mb 1 0 1351 589
0  
0  
0  
0  
0  
0  
0  
0  
0  
0  
0  
0  
0  
0  
0  
0  
0  
0  
0  
0  
0  
0  
0  
0  
1  mm 1351 597
1  mm 1353 611
1  mm 1353 617
1  mm 1353 624
1  mm 1353 631
1  mm 1353 638
1  mm 1353 642
1  mm 1353 648
1  mm 1353 653
1  mm 1353 654
1  mm 1353 656
0  
0  
0  
0  
0  
0  
0  
0  
0  
0  
0  
0  
1  mb 1 1 1353 656
1 T 1523750705.585000 
0  
0  
0  
0  
0  
0  
0  
0  
0  
0  
0  
0  
1  mb 1 0 1353 656
0  
0  
0  
0  
0  
0  
0  
0  
0  
0  
0  
0  
0  
0  
0  
0  
0  
0  
0  
0  
0  
0  
0  
0  
0  
0  
0  
0  
0  
0  
0  
0  
0  
0  
0  
0  
0  
0  
0  
0  
0  
0  
0  
0  
0  
0  
0  
0  
0  
0  
0  
0  
0  
0  
0  
0  
0  
1  mm 1355 659
1  mm 1364 678
1  mm 1370 691
1  mm 1378 703
1  mm 1382 713
1  mm 1384 715
1  mm 1388 721
1  mm 1388 723
1  mm 1390 726
1  mm 1391 730
1  mm 1392 731
1  mm 1394 733
1  mm 1395 734
1  mm 1397 736
1  mm 1400 737
0  
0  
0  
0  
0  
0  
0  
0  
0  
0  
0  
0  
0  
0  
1 T 1523750707.190000 
1  mm 1403 737
1  mm 1409 736
1  mm 1411 735
1  mm 1414 735
1  mm 1419 734
1  mm 1420 734
1  mm 1421 734
0  
0  
0  
0  
0  
0  
0  
0  
0  
0  
0  
0  
1  mb 1 1 1421 734
0  
0  
0  
0  
0  
0  
0  
0  
0  
0  
0  
0  
1  mb 1 0 1421 734
1 af 190 
1 af 191 
1 af 192 
0  
0  
0  
0  
0  
0  
1  mm 1416 713
1  mm 1389 637
1  mm 1381 599
1  mm 1375 580
1  mm 1374 571
1  mm 1372 567
1  mm 1371 559
1  mm 1367 550
1  mm 1363 537
1  mm 1358 516
1  mm 1356 503
1  mm 1352 491
1  mm 1351 488
1  mm 1349 483
1  mm 1348 478
1  mm 1348 475
1  mm 1348 472
1  mm 1348 468
1  mm 1348 466
1  mm 1348 465
1  mm 1348 463
1  mm 1348 462
1  mm 1348 460
1  mm 1348 459
1  mm 1348 458
1  mm 1348 455
1  mm 1348 452
1  mm 1351 446
1  mm 1354 441
1  mm 1359 431
1  mm 1362 428
1  mm 1364 424
1  mm 1366 421
1  mm 1370 418
0  
0  
0  
0  
0  
0  
0  
0  
0  
0  
0  
0  
1  mb 1 1 1370 418
0  
0  
0  
0  
0  
0  
0  
0  
0  
0  
1 T 1523750708.791000 
0  
1  mb 1 0 1370 418
0  
0  
0  
0  
0  
0  
0  
0  
0  
0  
0  
0  
0  
0  
0  
1  mm 1370 421
1  mm 1369 429
1  mm 1367 434
1  mm 1367 442
1  mm 1367 448
1  mm 1367 452
1  mm 1367 458
1  mm 1366 461
1  mm 1366 464
1  mm 1366 465
1  mm 1366 467
0  
0  
0  
0  
0  
0  
0  
0  
0  
0  
0  
0  
1  mb 1 1 1366 467
0  
0  
0  
0  
0  
0  
0  
0  
0  
0  
0  
0  
0  
1  mb 1 0 1366 467
0  
0  
0  
0  
0  
0  
0  
0  
0  
0  
0  
0  
0  
1  mm 1368 471
1  mm 1371 478
1  mm 1381 493
1  mm 1384 504
1  mm 1390 515
1  mm 1399 532
1  mm 1403 541
1  mm 1406 547
1  mm 1413 558
1  mm 1417 565
1  mm 1426 577
1  mm 1431 588
1  mm 1433 597
1  mm 1436 607
1  mm 1438 614
1  mm 1440 621
1  mm 1440 626
1  mm 1440 632
1  mm 1440 640
1  mm 1440 646
1  mm 1440 654
1  mm 1439 658
1  mm 1439 661
1  mm 1439 665
1  mm 1439 667
1  mm 1440 671
1  mm 1440 677
1  mm 1441 680
1  mm 1441 686
1  mm 1441 690
1  mm 1441 693
2 T 1523750710.390000 mm 1441 698
1  mm 1441 699
1  mm 1441 703
1  mm 1441 705
1  mm 1441 708
1  mm 1441 712
1  mm 1441 713
1  mm 1441 716
1  mm 1441 720
1  mm 1441 722
1  mm 1441 723
1  mm 1438 725
0  
0  
0  
0  
0  
0  
0  
0  
0  
0  
0  
0  
0  
0  
0  
0  
0  
0  
0  
0  
0  
0  
0  
1  mm 1438 729
1  mm 1438 732
1  mm 1438 735
1  mm 1438 736
1  mm 1438 737
1  mm 1438 739
0  
0  
0  
0  
0  
0  
0  
0  
0  
0  
0  
0  
0  
1  mb 1 1 1438 739
0  
0  
0  
0  
0  
0  
0  
0  
0  
0  
0  
0  
1  mb 1 0 1438 739
1 af 193 
1 af 194 
1 af 195 
0  
0  
0  
0  
0  
0  
0  
0  
0  
0  
0  
0  
0  
0  
0  
1  mm 1427 717
1  mm 1393 639
1  mm 1374 593
1  mm 1363 560
1  mm 1360 549
1  mm 1356 538
1  mm 1354 526
1  mm 1353 519
1  mm 1351 513
1  mm 1350 511
1  mm 1350 506
1  mm 1350 502
1  mm 1350 499
1  mm 1350 495
2 T 1523750711.996000 mm 1350 493
1  mm 1350 490
1  mm 1350 487
1  mm 1350 486
1  mm 1350 485
0  
0  
0  
1  mm 1352 489
1  mm 1355 498
1  mm 1368 529
1  mm 1377 551
1  mm 1390 576
1  mm 1395 585
1  mm 1400 592
1  mm 1405 602
1  mm 1408 607
1  mm 1412 617
1  mm 1415 626
1  mm 1417 631
1  mm 1417 637
1  mm 1418 641
1  mm 1420 642
1  mm 1421 647
1  mm 1421 648
1  mm 1421 650
0  
1  mm 1421 649
1  mm 1418 643
1  mm 1414 632
1  mm 1406 616
1  mm 1390 585
1  mm 1378 562
1  mm 1370 545
1  mm 1367 533
1  mm 1365 530
1  mm 1364 527
1  mm 1362 525
1  mm 1361 523
1  mm 1361 522
1  mm 1361 520
1  mm 1361 519
0  
0  
0  
0  
0  
0  
1  mm 1361 522
1  mm 1366 529
1  mm 1380 549
1  mm 1388 560
1  mm 1396 574
1  mm 1407 591
1  mm 1412 602
1  mm 1418 613
1  mm 1425 632
1  mm 1430 653
1  mm 1433 666
1  mm 1435 672
1  mm 1436 677
1  mm 1436 679
1  mm 1438 682
1  mm 1438 685
1  mm 1438 688
0  
0  
1  mm 1438 691
0  
1  mm 1438 692
1  mm 1438 695
0  
1  mm 1438 696
1  mm 1438 698
1  mm 1438 699
1  mm 1437 701
1  mm 1435 702
1  mm 1433 704
1  mm 1430 705
0  
1  mm 1429 705
1  mm 1427 706
1  mm 1426 706
1  mm 1425 708
1  mm 1423 709
1  mm 1422 711
2  mm 1420 711 mm 1420 712
1  mm 1420 713
1  mm 1420 715
0  
1  mm 1419 715
1  mm 1419 713
1  mm 1413 705
1  mm 1407 692
1  mm 1395 660
1  mm 1379 591
1  mm 1374 563
1  mm 1372 552
1  mm 1371 548
1  mm 1371 546
2 T 1523750713.596000 mm 1371 545
1  mm 1371 543
1  mm 1371 542
1  mm 1371 541
1  mm 1371 539
1  mm 1371 538
1  mm 1371 536
1  mm 1371 535
1  mm 1371 534
1  mm 1371 532
1  mm 1373 531
1  mm 1374 529
1  mm 1374 528
0  
0  
1  mm 1376 528
0  
0  
0  
0  
0  
0  
0  
0  
0  
1  mb 1 1 1376 528
0  
0  
0  
0  
0  
0  
0  
0  
0  
0  
0  
0  
0  
1  mb 1 0 1376 528
2 af 196 af 197 
0  
0  
0  
0  
0  
0  
0  
0  
0  
0  
0  
0  
1  mm 1376 536
1  mm 1378 551
2  mm 1378 561 mm 1378 567
1  mm 1378 575
1  mm 1378 584
1  mm 1378 593
1  mm 1379 600
1  mm 1381 612
1  mm 1383 621
1  mm 1385 629
1  mm 1386 637
1  mm 1386 641
1  mm 1386 644
1  mm 1389 647
1  mm 1389 650
1  mm 1392 656
1  mm 1393 660
1  mm 1396 663
1  mm 1399 669
1  mm 1401 672
1  mm 1402 675
1  mm 1403 676
1  mm 1405 678
1  mm 1405 679
1  mm 1405 681
1  mm 1405 682
0  
0  
0  
1  mm 1406 683
1  mm 1408 685
1  mm 1409 686
1  mm 1412 688
1  mm 1415 691
1  mm 1418 696
1  mm 1421 699
1  mm 1425 705
1  mm 1428 710
1  mm 1433 713
1  mm 1436 719
1  mm 1439 722
1  mm 1442 726
1  mm 1443 732
1  mm 1444 735
1  mm 1444 739
1  mm 1446 747
0  
1 T 1523750715.195000 
0  
0  
0  
0  
0  
0  
0  
0  
0  
0  
1  mb 1 1 1446 747
0  
0  
0  
0  
0  
0  
0  
0  
0  
0  
0  
0  
1  mb 1 0 1446 747
1 af 198 
2 af 199 af 202 
2 af 200 af 204 
2 af 201 af 206 
2 af 203 af 208 
3 af 205 af 210 af 213 
2 af 207 af 212 
2 af 209 af 215 
1 af 211 
1 af 214 
0  
0  
0  
0  
0  
0  
0  
0  
0  
0  
0  
0  
0  
0  
0  
0  
0  
0  
0  
0  
0  
0  
0  
0  
0  
0  
0  
0  
1  mm 1446 745
0  
1  mm 1446 743
1  mm 1446 741
0  
1  mm 1446 740
0  
0  
0  
0  
0  
0  
0  
0  
0  
0  
0  
0  
0  
0  
0  
0  
0  
0  
0  
0  
0  
0  
0  
0  
0  
0  
0  
0  
0  
1  mm 1446 738
1  mm 1444 738
2 T 1523750716.795000 mm 1443 735
1  mm 1440 734
1  mm 1440 733
1  mm 1437 731
1  mm 1437 730
1  mm 1436 730
0  
1  mm 1434 730
0  
1  mm 1433 730
0  
0  
0  
0  
0  
0  
1  mm 1431 730
1  mm 1430 730
0  
0  
0  
0  
0  
0  
0  
0  
0  
0  
0  
0  
0  
0  
1  mb 1 1 1430 730
0  
0  
0  
0  
0  
0  
0  
0  
0  
0  
0  
0  
1  mb 1 0 1430 730
1 af 216 
1 af 217 
1 af 218 
0  
0  
0  
0  
0  
0  
0  
0  
0  
0  
0  
0  
0  
0  
0  
0  
0  
0  
0  
0  
0  
0  
0  
0  
0  
0  
0  
0  
0  
0  
0  
0  
1  mm 1407 719
1  mm 1382 709
1  mm 1362 702
1  mm 1356 698
1  mm 1351 695
1  mm 1343 690
1  mm 1329 683
1  mm 1300 668
1  mm 1230 641
1  mm 1198 626
1  mm 1182 622
1  mm 1166 615
1  mm 1157 611
1  mm 1149 607
1  mm 1144 602
1  mm 1139 600
1  mm 1135 599
1  mm 1132 597
1  mm 1129 596
2 T 1523750718.396000 mm 1128 595
1  mm 1126 593
1  mm 1125 592
1  mm 1123 592
1  mm 1123 590
0  
0  
0  
0  
0  
1  mm 1123 589
1  mm 1122 587
1  mm 1121 586
1  mm 1119 585
1  mm 1118 583
1  mm 1116 582
1  mm 1115 579
1  mm 1114 576
1  mm 1112 572
1  mm 1112 560
1  mm 1112 547
1  mm 1112 534
1  mm 1113 514
1  mm 1115 503
1  mm 1115 498
1  mm 1116 492
1  mm 1118 488
1  mm 1119 483
1  mm 1124 475
1  mm 1127 469
1  mm 1130 463
1  mm 1133 458
1  mm 1136 455
1  mm 1139 449
1  mm 1142 445
1  mm 1145 442
1  mm 1148 436
1  mm 1151 435
1  mm 1152 432
1  mm 1154 430
1  mm 1155 429
1  mm 1156 427
1  mm 1156 426
1  mm 1156 425
0  
0  
0  
0  
0  
0  
0  
0  
0  
0  
0  
0  
1  mm 1159 423
1  mm 1161 422
1  mm 1162 420
1  mm 1163 419
1  mm 1165 418
1  mm 1166 416
1  mm 1168 415
1  mm 1169 413
1  mm 1171 412
1  mm 1172 412
0  
1  mm 1173 412
0  
0  
0  
0  
0  
0  
0  
0  
0  
0  
0  
0  
0  
1  mm 1178 412
1  mm 1194 412
1  mm 1203 413
1  mm 1210 416
1  mm 1220 421
1  mm 1223 424
1  mm 1227 429
1  mm 1233 435
1  mm 1236 439
1  mm 1239 444
1  mm 1242 450
1  mm 1244 451
1  mm 1245 454
1  mm 1247 457
1  mm 1248 458
1  mm 1249 460
1  mm 1249 461
1  mm 1249 463
0  
1 T 1523750720.000000 
0  
1  mm 1249 464
0  
1  mm 1249 467
1  mm 1249 468
0  
0  
1  mm 1249 470
0  
1  mm 1248 471
1  mm 1248 473
1  mm 1246 473
1  mm 1243 475
1  mm 1240 478
1  mm 1236 481
1  mm 1232 484
1  mm 1223 488
1  mm 1169 490
1  mm 1086 488
1  mm 994 482
1  mm 923 473
1  mm 909 469
1  mm 900 468
1  mm 892 466
1  mm 887 464
1  mm 884 464
1  mm 882 464
1  mm 879 464
1  mm 876 463
0  
0  
0  
0  
0  
0  
0  
0  
0  
0  
0  
0  
0  
0  
0  
0  
0  
0  
0  
0  
0  
0  
1  mm 831 461
1  mm 815 457
1  mm 799 451
1  mm 794 448
1  mm 787 443
1  mm 770 432
1  mm 757 424
1  mm 740 411
1  mm 723 396
1  mm 711 386
1  mm 702 375
1  mm 691 362
1  mm 686 357
1  mm 682 350
1  mm 676 345
1  mm 673 341
1  mm 670 336
1  mm 665 328
1  mm 664 324
1  mm 662 316
1  mm 662 308
1  mm 662 299
1  mm 662 289
1  mm 663 285
1  mm 665 280
1  mm 666 274
1  mm 667 271
1  mm 670 269
1  mm 673 264
1  mm 676 261
1  mm 677 260
1  mm 679 259
1  mm 680 257
1  mm 682 256
0  
1  mm 683 256
0  
0  
1  mm 683 254
0  
0  
0  
0  
0  
0  
0  
0  
0  
1 T 1523750721.598000 
0  
0  
1  mm 684 254
1  mm 691 254
1  mm 698 254
1  mm 703 254
1  mm 709 254
1  mm 713 255
1  mm 716 256
1  mm 721 258
1  mm 723 258
1  mm 725 258
1  mm 726 258
1  mm 728 258
1  mm 729 258
0  
0  
0  
1  mm 729 259
0  
0  
0  
0  
0  
0  
0  
0  
0  
0  
0  
0  
0  
0  
0  
0  
0  
0  
0  
0  
0  
0  
0  
0  
0  
0  
0  
0  
0  
0  
0  
0  
0  
0  
0  
0  
0  
0  
0  
0  
0  
0  
0  
0  
0  
0  
0  
0  
0  
0  
0  
0  
0  
0  
0  
0  
0  
0  
0  
0  
0  
0  
0  
0  
0  
0  
0  
0  
0  
0  
0  
0  
0  
0  
0  
0  
0  
0  
0  
0  
1 T 1523750723.199000 
0  
0  
0  
0  
0  
0  
0  
0  
0  
0  
0  
0  
0  
0  
0  
0  
0  
0  
0  
0  
0  
0  
0  
0  
0  
0  
0  
0  
1  mm 799 263
1  mm 821 267
1  mm 849 272
1  mm 932 277
1  mm 973 276
1  mm 996 276
1  mm 1005 276
1  mm 1011 276
1  mm 1017 273
1  mm 1022 273
1  mm 1028 270
1  mm 1029 268
1  mm 1032 268
1  mm 1035 268
1  mm 1036 268
1  mm 1038 267
1  mm 1040 265
1  mm 1043 265
1  mm 1049 263
1  mm 1056 261
1  mm 1060 261
1  mm 1072 261
1  mm 1078 261
1  mm 1090 263
1  mm 1099 265
1  mm 1106 265
1  mm 1113 267
1  mm 1118 268
1  mm 1122 268
1  mm 1130 268
1  mm 1133 268
1  mm 1134 268
1  mm 1135 268
0  
0  
0  
0  
0  
0  
0  
0  
0  
0  
0  
0  
0  
0  
0  
0  
0  
0  
0  
0  
0  
0  
0  
0  
0  
0  
0  
0  
0  
0  
0  
0  
0  
0  
0  
0  
0  
0  
1 T 1523750724.798000 
0  
0  
0  
0  
0  
0  
1  mm 1055 276
1  mm 842 289
1  mm 793 294
1  mm 772 296
1  mm 738 301
1  mm 708 303
1  mm 699 305
1  mm 688 305
1  mm 683 305
1  mm 679 305
1  mm 674 305
1  mm 671 303
0  
0  
0  
0  
0  
0  
0  
0  
0  
0  
0  
0  
0  
0  
0  
0  
0  
0  
0  
1  mm 680 303
1  mm 715 298
1  mm 738 296
1  mm 747 296
1  mm 753 296
1  mm 755 296
1  mm 758 296
1  mm 760 296
1  mm 761 296
1  mm 763 296
1  mm 764 295
1  mm 765 293
1  mm 767 292
1  mm 768 290
1  mm 770 289
1  mm 771 288
1  mm 772 286
1  mm 772 285
1  mm 775 283
1  mm 777 282
1  mm 777 281
0  
1  mm 778 281
0  
1  mm 780 281
0  
0  
0  
0  
0  
0  
0  
0  
0  
0  
0  
0  
0  
0  
0  
0  
0  
0  
0  
0  
0  
0  
0  
0  
0  
0  
0  
0  
0  
0  
0  
0  
0  
0  
0  
0  
0  
2 T 1523750726.399000 mm 783 281
1  mm 795 290
1  mm 804 295
1  mm 809 300
1  mm 817 307
1  mm 822 311
1  mm 828 318
1  mm 831 319
1  mm 834 323
1  mm 835 326
1  mm 837 327
0  
0  
0  
0  
0  
0  
0  
0  
0  
0  
0  
0  
0  
0  
0  
0  
0  
0  
0  
0  
0  
0  
0  
0  
0  
0  
0  
0  
0  
0  
0  
0  
0  
0  
0  
0  
1  kd 27 837 327
0  
0  
0  
0  
0  
0  
0  
1  ku 27 837 327
0  
0  
0  
0  
0  
0  
0  
0  
0  
0  
0  
0  
0  
0  
0  
0  
0  
0  
0  
0  
0  
0  
0  
0  
0  
0  
0  
0  
0  
0  
0  
0  
0  
0  
0  
0  
0  
0  
0  
0  
0  
0  
0  
0  
1 T 1523750727.999000 
0  
0  
0  
0  
0  
0  
0  
1  sd 113 837 327
0  
0  
0  
0  
0  
0  
1  kd 37 837 327
