1523747436 seed, 60 fps, 1920x1080, fullScreen=1, version60_mouseSpeed1.000000_musicOff0_musicLoudness1.000000_webRetrySeconds16 6AE1F26D71B23CC4993473343583E646F47A27A7
2 T 1523747436.888000 mm 900 844
0  
0  
0  
0  
0  
0  
0  
0  
0  
0  
0  
0  
0  
0  
0  
0  
0  
0  
0  
0  
0  
0  
0  
0  
0  
0  
0  
0  
0  
0  
0  
0  
0  
0  
0  
0  
0  
0  
0  
0  
0  
0  
0  
0  
0  
0  
0  
0  
0  
0  
0  
0  
0  
0  
0  
0  
0  
0  
0  
0  
0  
0  
0  
0  
0  
0  
0  
0  
0  
0  
0  
0  
0  
0  
0  
0  
0  
0  
0  
0  
0  
0  
0  
0  
0  
0  
0  
0  
0  
0  
0  
0  
0  
0  
0  
0  
0  
0  
1 T 1523747445.464000 
0  
0  
0  
0  
0  
0  
0  
0  
0  
0  
0  
0  
0  
0  
0  
0  
2 af 0 af 3 
1 af 1 
1 af 2 
1 af 4 
0  
0  
0  
0  
0  
0  
0  
0  
0  
0  
0  
0  
0  
0  
0  
0  
0  
0  
0  
0  
0  
0  
0  
0  
0  
0  
0  
0  
0  
0  
0  
1  mm 900 798
1  mm 923 562
1  mm 976 347
1  mm 996 281
1  mm 1021 223
1  mm 1055 168
1  mm 1075 152
1  mm 1090 141
1  mm 1097 137
1  mm 1102 136
1  mm 1109 135
1  mm 1115 133
1  mm 1127 131
1  mm 1132 131
1  mm 1136 131
1  mm 1141 131
1  mm 1144 131
1  mm 1145 131
1  mm 1148 132
1  mm 1148 133
1  mm 1145 141
1  mm 1136 160
1  mm 1125 180
1  mm 1105 209
1  mm 1083 233
1  mm 1037 264
1  mm 1024 271
1  mm 1015 275
1  mm 1007 277
1  mm 1004 278
1  mm 1001 280
1  mm 1000 280
0  
0  
0  
0  
0  
0  
0  
0  
0  
0  
1  mb 1 1 1000 280
0  
0  
0  
0  
0  
1 T 1523747447.676000 
0  
0  
0  
0  
0  
0  
1  mb 1 0 1000 280
2 af 5 af 8 
1 af 6 
1 af 7 
0  
0  
0  
0  
0  
0  
0  
0  
0  
0  
0  
0  
0  
0  
0  
0  
0  
0  
0  
0  
0  
0  
0  
0  
0  
0  
1  mm 1004 281
1  mm 1017 289
1  mm 1048 307
1  mm 1075 321
1  mm 1135 350
1  mm 1194 375
1  mm 1220 389
1  mm 1238 401
1  mm 1247 407
1  mm 1264 412
1  mm 1286 421
1  mm 1305 427
1  mm 1331 433
1  mm 1340 437
1  mm 1347 440
1  mm 1353 442
1  mm 1357 443
1  mm 1360 445
1  mm 1363 446
1  mm 1366 447
1  mm 1372 449
1  mm 1376 450
1  mm 1379 452
1  mm 1384 453
1  mm 1386 455
1  mm 1389 455
1  mm 1391 455
1  mm 1392 455
1  mm 1393 454
1  mm 1393 452
1  mm 1391 440
1  mm 1389 425
1  mm 1387 412
1  mm 1386 396
1  mm 1384 391
1  mm 1384 388
1  mm 1384 384
1  mm 1384 381
1  mm 1384 380
1  mm 1384 378
1  mm 1384 377
1  mm 1383 376
0  
0  
1  mm 1380 376
1  mm 1379 376
0  
1  mm 1374 373
1  mm 1367 365
1  mm 1358 356
1  mm 1345 341
1  mm 1338 336
1  mm 1332 330
1  mm 1330 328
1  mm 1326 325
1  mm 1320 321
1  mm 1317 319
1  mm 1312 318
1  mm 1306 313
1  mm 1305 312
1  mm 1302 311
1  mm 1298 306
1  mm 1296 305
2 T 1523747449.301000 mm 1294 302
1  mm 1291 298
1  mm 1288 296
1  mm 1286 294
1  mm 1285 294
0  
0  
0  
0  
0  
0  
0  
0  
0  
0  
0  
0  
0  
0  
0  
0  
0  
0  
0  
0  
0  
0  
0  
0  
1  mm 1274 294
1  mm 1254 294
1  mm 1217 294
1  mm 1202 294
1  mm 1194 294
1  mm 1190 294
1  mm 1187 294
1  mm 1184 294
1  mm 1182 294
1  mm 1181 294
0  
0  
0  
0  
0  
0  
0  
0  
0  
0  
0  
0  
0  
0  
0  
0  
0  
0  
0  
0  
1  mb 1 1 1181 294
0  
0  
0  
0  
0  
0  
0  
0  
0  
0  
0  
0  
0  
1  mb 1 0 1181 294
0  
0  
0  
0  
0  
0  
0  
0  
0  
0  
0  
0  
0  
0  
0  
0  
0  
0  
1  mm 1301 344
1  mm 1353 367
1  mm 1367 376
1  mm 1372 378
1  mm 1377 379
1  mm 1379 379
1  mm 1382 379
1  mm 1388 379
2 T 1523747450.901000 mm 1393 379
1  mm 1396 377
1  mm 1401 376
1  mm 1404 376
1  mm 1407 376
1  mm 1408 376
1  mm 1410 376
1  mm 1413 376
1  mm 1415 367
0  
0  
0  
0  
0  
0  
0  
0  
0  
0  
0  
0  
0  
0  
0  
0  
0  
0  
0  
1  mm 1415 366
1  mm 1415 364
1  mm 1415 363
1  mm 1415 362
1  mm 1415 360
1  mm 1415 359
1  mm 1415 357
1  mm 1415 356
0  
0  
0  
0  
1  mm 1415 355
0  
0  
0  
0  
0  
0  
0  
0  
0  
1  mb 1 1 1415 355
0  
0  
0  
0  
0  
0  
0  
0  
0  
0  
0  
0  
1  mb 1 0 1415 355
0  
0  
0  
0  
0  
0  
1  kd 100 1415 355
5 af 9 af 12 af 15 af 18 af 21 
3 af 10 af 14 af 19 
2 af 11 af 17 
2 af 13 af 22 
1 af 16 
1 af 20 
1  ku 100 1415 355
0  
0  
0  
0  
0  
0  
0  
1  kd 114 1415 355
10 af 23 af 26 af 29 af 32 af 35 af 38 af 41 af 44 af 47 af 50 
6 af 24 af 28 af 33 af 37 af 42 af 46 
4 af 25 af 31 af 39 af 45 
3 af 27 af 36 af 48 
3 af 30 af 43 kd 111 1415 355
5 af 34 af 51 af 54 af 57 af 60 
4 af 40 af 53 af 58 ku 114 1415 355
2 af 49 af 56 
1 af 52 
2 af 55 kd 109 1415 355
2 af 59 ku 111 1415 355
0  
0  
1  ku 109 1415 355
1 T 1523747452.502000 
0  
0  
0  
0  
1  kd 101 1415 355
0  
0  
1  ku 101 1415 355
0  
0  
0  
0  
0  
0  
0  
0  
0  
0  
0  
0  
0  
0  
0  
0  
0  
0  
0  
0  
0  
0  
0  
0  
0  
0  
0  
0  
0  
0  
0  
1  mm 1414 355
1  mm 1410 359
1  mm 1407 364
1  mm 1404 370
1  mm 1401 373
1  mm 1398 377
1  mm 1391 387
1  mm 1388 392
1  mm 1385 397
1  mm 1381 404
1  mm 1379 407
1  mm 1378 411
1  mm 1376 414
1  mm 1373 416
0  
0  
0  
0  
0  
0  
0  
0  
0  
0  
0  
0  
1  mb 1 1 1373 416
0  
0  
0  
0  
0  
0  
0  
0  
0  
0  
0  
0  
1  mb 1 0 1373 416
0  
0  
0  
0  
0  
0  
0  
0  
0  
0  
0  
0  
0  
0  
0  
0  
0  
0  
0  
0  
1 T 1523747454.102000 
0  
0  
0  
0  
0  
0  
0  
0  
0  
0  
0  
0  
0  
0  
0  
1  mm 1373 422
1  mm 1373 436
1  mm 1373 445
1  mm 1373 456
1  mm 1373 463
1  mm 1373 467
1  mm 1373 472
1  mm 1373 474
1  mm 1373 477
1  mm 1373 479
0  
0  
0  
0  
0  
0  
0  
0  
0  
0  
0  
1  mb 1 1 1373 479
0  
0  
0  
0  
0  
0  
0  
0  
0  
0  
0  
0  
1  mb 1 0 1373 479
0  
0  
0  
0  
0  
0  
0  
0  
0  
0  
0  
0  
0  
0  
0  
0  
0  
0  
0  
0  
0  
0  
0  
0  
0  
0  
0  
0  
0  
0  
0  
0  
0  
0  
0  
0  
0  
0  
0  
0  
0  
0  
0  
0  
0  
0  
0  
0  
0  
2 T 1523747455.703000 mm 1373 480
1  mm 1373 483
0  
1  mm 1373 484
1  mm 1373 487
0  
1  mm 1373 489
1  mm 1373 492
1  mm 1373 493
1  mm 1373 496
1  mm 1373 499
0  
1  mm 1372 502
0  
1  mm 1372 503
1  mm 1372 506
0  
1  mm 1372 509
0  
0  
0  
1  mm 1372 510
1  mm 1370 511
1  mm 1370 513
1  mm 1370 514
1  mm 1369 516
1  mm 1369 517
0  
1  mm 1368 519
1  mm 1368 520
1  mm 1366 521
1  mm 1365 523
1  mm 1363 524
1  mm 1362 526
1  mm 1362 527
1  mm 1360 530
1  mm 1360 531
1  mm 1359 533
1  mm 1359 536
1  mm 1358 540
1  mm 1356 541
1  mm 1355 543
1  mm 1355 544
1  mm 1355 547
1  mm 1355 548
1  mm 1353 551
1  mm 1352 553
1  mm 1352 557
1  mm 1350 560
1  mm 1350 563
1  mm 1350 564
1  mm 1350 566
1  mm 1350 567
1  mm 1350 568
0  
0  
0  
0  
0  
0  
1  mm 1349 568
1  mm 1348 568
0  
0  
0  
0  
0  
0  
0  
0  
0  
0  
0  
0  
0  
0  
0  
0  
0  
0  
0  
0  
0  
0  
0  
0  
0  
0  
0  
0  
0  
0  
0  
0  
0  
0  
0  
0  
0  
0  
1 T 1523747457.304000 
0  
0  
0  
0  
0  
0  
0  
0  
0  
0  
0  
0  
0  
0  
0  
0  
0  
0  
0  
0  
0  
0  
0  
0  
0  
0  
0  
0  
0  
0  
0  
0  
0  
0  
0  
0  
0  
0  
0  
0  
0  
0  
0  
0  
0  
0  
0  
0  
0  
0  
0  
0  
0  
0  
0  
0  
0  
0  
0  
0  
0  
0  
0  
0  
0  
0  
0  
0  
0  
0  
0  
0  
0  
0  
0  
0  
0  
0  
0  
0  
0  
0  
0  
0  
0  
0  
0  
0  
0  
0  
0  
0  
0  
0  
0  
0  
0  
0  
0  
1 T 1523747458.904000 
0  
0  
0  
0  
0  
0  
0  
0  
0  
0  
0  
0  
0  
0  
0  
0  
0  
0  
0  
0  
0  
0  
0  
0  
0  
0  
0  
0  
0  
0  
0  
0  
0  
0  
0  
0  
0  
0  
0  
0  
0  
0  
0  
0  
0  
0  
0  
0  
0  
0  
0  
0  
0  
1  mm 1350 587
1  mm 1358 631
1  mm 1368 686
1  mm 1373 714
1  mm 1380 736
1  mm 1380 752
1  mm 1380 757
1  mm 1380 760
1  mm 1380 763
0  
1  mm 1380 766
1  mm 1380 767
0  
0  
0  
0  
0  
0  
1  mm 1381 767
1  mm 1383 767
1  mm 1384 765
1  mm 1385 764
1  mm 1387 762
1  mm 1391 759
1  mm 1394 757
1  mm 1399 755
1  mm 1403 751
1  mm 1409 748
1  mm 1417 745
1  mm 1422 741
1  mm 1426 738
1  mm 1429 737
1  mm 1432 735
1  mm 1435 734
1  mm 1438 733
1  mm 1440 731
1  mm 1441 730
1  mm 1441 728
1  mm 1442 727
0  
0  
0  
0  
0  
0  
0  
1 T 1523747460.503000 
0  
0  
0  
0  
0  
0  
0  
0  
0  
0  
0  
0  
0  
1  mb 1 1 1442 727
0  
0  
0  
0  
0  
0  
0  
0  
0  
0  
0  
0  
0  
1  mb 1 0 1442 727
0  
0  
0  
0  
0  
0  
0  
0  
0  
0  
0  
0  
0  
0  
0  
0  
0  
0  
0  
0  
0  
0  
0  
0  
0  
0  
0  
0  
0  
1  mm 1419 730
1  mm 1385 735
1  mm 1357 739
1  mm 1350 741
1  mm 1344 742
1  mm 1341 744
1  mm 1339 744
1  mm 1336 744
1  mm 1333 744
1  mm 1329 744
1  mm 1327 744
1  mm 1326 744
1  mm 1324 744
1  mm 1323 744
0  
0  
0  
0  
0  
0  
0  
0  
0  
0  
0  
0  
0  
0  
0  
0  
0  
0  
0  
0  
0  
0  
0  
0  
0  
1  mm 1326 733
1  mm 1344 702
1  mm 1355 685
2 T 1523747462.104000 mm 1360 676
1  mm 1367 667
1  mm 1368 663
1  mm 1371 660
1  mm 1372 657
1  mm 1375 655
1  mm 1378 651
1  mm 1381 647
1  mm 1384 644
1  mm 1387 638
1  mm 1390 635
1  mm 1391 627
1  mm 1393 625
1  mm 1394 620
1  mm 1396 616
1  mm 1397 614
1  mm 1398 611
1  mm 1400 607
1  mm 1401 604
1  mm 1401 599
0  
0  
0  
0  
0  
0  
0  
0  
0  
0  
1  mb 1 1 1401 599
0  
0  
0  
0  
0  
0  
0  
0  
0  
0  
0  
0  
0  
