1523037224 seed, 60 fps, 1920x1080, fullScreen=1, version73_mouseSpeed1.000000_musicOff0_musicLoudness1.000000_webRetrySeconds16 39F5D403D9734472EB90545B8404B1BC918AF16B
2 T 1523037225.067000 mm 309 445
0  
0  
0  
1  mm 396 486
1  mm 650 586
1  mm 782 660
1  mm 893 742
1  mm 910 769
1  mm 923 783
1  mm 933 790
1  mm 935 791
1  mm 936 793
0  
0  
0  
0  
0  
0  
0  
0  
0  
0  
0  
0  
0  
0  
0  
0  
0  
0  
0  
0  
0  
0  
0  
0  
0  
0  
1  mm 932 789
1  mm 906 752
1  mm 879 715
1  mm 844 670
1  mm 827 643
1  mm 813 623
1  mm 800 605
1  mm 796 598
1  mm 792 590
1  mm 790 589
1  mm 790 586
1  mm 787 583
1  mm 786 582
1  mm 785 582
1  mm 785 580
1  mm 785 579
1  mm 783 579
0  
0  
0  
0  
0  
0  
0  
0  
0  
0  
0  
0  
0  
0  
0  
0  
0  
0  
0  
0  
0  
0  
0  
0  
0  
0  
0  
0  
0  
0  
0  
0  
0  
0  
0  
0  
0  
1  kd 27 783 579
0  
0  
0  
0  
0  
1 T 1523037227.760000 
1  ku 27 783 579
0  
0  
0  
0  
0  
0  
0  
0  
0  
0  
0  
0  
0  
0  
1  mm 811 582
1  mm 847 591
1  mm 866 598
1  mm 875 601
1  mm 887 606
1  mm 890 608
1  mm 895 609
1  mm 899 611
1  mm 905 610
0  
0  
0  
0  
0  
0  
0  
0  
0  
0  
0  
0  
0  
0  
0  
0  
0  
0  
0  
0  
0  
0  
0  
0  
0  
0  
1  sd 113 905 610
0  
0  
0  
0  
0  
0  
0  
0  
0  
0  
0  
0  
0  
0  
0  
0  
0  
0  
0  
0  
0  
1  kd 37 905 610
