1523734625 seed, 60 fps, 1920x1080, fullScreen=1, version75_mouseSpeed1.000000_musicOff0_musicLoudness1.000000_webRetrySeconds16 BC3D5E7F7F79892FF6B0487E89DDE795D6A445C6
2 T 1523734626.331000 mm 1113 605
0  
0  
0  
0  
0  
0  
0  
0  
0  
0  
0  
0  
0  
0  
0  
0  
0  
0  
0  
0  
0  
0  
0  
0  
0  
0  
0  
0  
0  
0  
0  
0  
0  
0  
0  
0  
0  
0  
0  
0  
0  
0  
0  
0  
0  
0  
0  
0  
0  
0  
0  
0  
0  
0  
0  
0  
0  
0  
0  
0  
0  
0  
0  
0  
0  
0  
0  
0  
0  
0  
0  
0  
0  
0  
0  
0  
0  
0  
0  
0  
0  
0  
0  
0  
0  
0  
0  
0  
0  
0  
0  
0  
0  
0  
0  
0  
0  
0  
1 T 1523734644.401000 
0  
0  
0  
0  
0  
0  
0  
1  mm 733 510
0  
0  
0  
0  
0  
0  
2 T 1523734652.423000 T 1523734652.426000 
1 T 1523734652.439000 
0  
1 T 1523734652.535000 
2 T 1523734652.552000 mm 736 514
2 T 1523734652.567000 mm 742 528
2 T 1523734652.584000 mm 750 544
2 T 1523734652.600000 mm 760 566
2 T 1523734652.615000 mm 765 577
2 T 1523734652.632000 mm 771 589
2 T 1523734652.648000 mm 772 594
2 T 1523734652.664000 mm 774 597
2 T 1523734652.681000 mm 775 601
2 T 1523734652.696000 mm 776 604
2 T 1523734652.712000 mm 776 605
2 T 1523734652.728000 mm 776 607
2 T 1523734652.744000 mm 776 608
2 T 1523734652.759000 mm 776 609
1 T 1523734652.775000 
1 T 1523734652.792000 
1 T 1523734652.807000 
1 T 1523734652.824000 
1 T 1523734652.839000 
1 T 1523734652.856000 
1 T 1523734652.872000 
2 T 1523734652.887000 mm 776 605
2 T 1523734652.904000 mm 776 600
2 T 1523734652.920000 mm 776 594
2 T 1523734652.936000 mm 780 586
2 T 1523734652.952000 mm 781 579
2 T 1523734652.968000 mm 784 575
2 T 1523734652.983000 mm 787 571
2 T 1523734652.999000 mm 790 566
2 T 1523734653.015000 mm 793 563
2 T 1523734653.031000 mm 796 560
2 T 1523734653.047000 mm 797 559
2 T 1523734653.063000 mm 799 558
2 T 1523734653.080000 mm 801 556
1 T 1523734653.096000 
1 T 1523734653.111000 
1 T 1523734653.128000 
1 T 1523734653.143000 
1 T 1523734653.160000 
1 T 1523734653.176000 
1 T 1523734653.192000 
1 T 1523734653.207000 
1 T 1523734653.224000 
1 T 1523734653.240000 
1 T 1523734653.256000 
1 T 1523734653.271000 
1 T 1523734653.288000 
1 T 1523734653.303000 
1 T 1523734653.321000 
1 T 1523734653.335000 
1 T 1523734653.352000 
1 T 1523734653.368000 
1 T 1523734653.384000 
1 T 1523734653.400000 
1 T 1523734653.416000 
1 T 1523734653.432000 
7 T 1523734653.447000 xs 0 2 15 534E0A302F3230300A340A37350A23 xs 0 2 0 T 1523734653.448000 xs 0 0 7 T 1523734653.449000 xs 0 0 169 
2 T 1523734653.463000 xs 0 2 0 
2 T 1523734653.480000 xs 0 2 0 
2 T 1523734653.496000 xs 0 2 0 
2 T 1523734653.511000 xs 0 2 0 
2 T 1523734653.527000 xs 0 2 0 
2 T 1523734653.543000 xs 0 2 0 
2 T 1523734653.560000 xs 0 2 0 
2 T 1523734653.575000 xs 0 2 0 
2 T 1523734653.592000 xs 0 2 0 
2 T 1523734653.608000 xs 0 2 0 
2 T 1523734653.623000 xs 0 2 0 
2 T 1523734653.639000 xs 0 2 0 
2 T 1523734653.656000 xs 0 2 0 
2 T 1523734653.671000 xs 0 2 0 
2 T 1523734653.688000 xs 0 2 0 
2 T 1523734653.703000 xs 0 2 0 
2 T 1523734653.720000 xs 0 2 0 
2 T 1523734653.735000 xs 0 2 0 
2 T 1523734653.751000 xs 0 2 0 
2 T 1523734653.768000 xs 0 2 0 
2 T 1523734653.783000 xs 0 2 0 
2 T 1523734653.800000 xs 0 2 0 
2 T 1523734653.815000 xs 0 2 0 
2 T 1523734653.831000 xs 0 2 0 
2 T 1523734653.847000 xs 0 2 0 
2 T 1523734653.864000 xs 0 2 0 
2 T 1523734653.879000 xs 0 2 0 
2 T 1523734653.896000 xs 0 2 0 
2 T 1523734653.912000 xs 0 2 0 
2 T 1523734653.927000 xs 0 2 0 
2 T 1523734653.943000 xs 0 2 0 
2 T 1523734653.960000 xs 0 2 0 
2 T 1523734653.975000 xs 0 2 0 
2 T 1523734653.991000 xs 0 2 0 
2 T 1523734654.007000 xs 0 2 0 
2 T 1523734654.023000 xs 0 2 0 
2 T 1523734654.040000 xs 0 2 0 
2 T 1523734654.055000 xs 0 2 0 
2 T 1523734654.072000 xs 0 2 0 
2 T 1523734654.087000 xs 0 2 0 
2 T 1523734654.104000 xs 0 2 0 
2 T 1523734654.119000 xs 0 2 0 
2 T 1523734654.136000 xs 0 2 0 
2 T 1523734654.152000 xs 0 2 0 
2 T 1523734654.168000 xs 0 2 0 
2 T 1523734654.184000 xs 0 2 0 
2 T 1523734654.199000 xs 0 2 0 
2 T 1523734654.215000 xs 0 2 0 
2 T 1523734654.232000 xs 0 2 0 
2 T 1523734654.248000 xs 0 2 0 
2 T 1523734654.264000 xs 0 2 0 
2 T 1523734654.280000 xs 0 2 0 
2 T 1523734654.295000 xs 0 2 0 
2 T 1523734654.311000 xs 0 2 0 
2 T 1523734654.327000 xs 0 2 0 
2 T 1523734654.343000 xs 0 2 0 
2 T 1523734654.360000 xs 0 2 0 
2 T 1523734654.375000 xs 0 2 0 
2 T 1523734654.392000 xs 0 2 0 
2 T 1523734654.408000 xs 0 2 0 
2 T 1523734654.424000 xs 0 2 0 
2 T 1523734654.440000 xs 0 2 0 
2 T 1523734654.455000 xs 0 2 0 
2 T 1523734654.472000 xs 0 2 0 
2 T 1523734654.488000 xs 0 2 0 
2 T 1523734654.503000 xs 0 2 0 
2 T 1523734654.520000 xs 0 2 0 
2 T 1523734654.535000 xs 0 2 0 
2 T 1523734654.552000 xs 0 2 0 
2 T 1523734654.567000 xs 0 2 0 
2 T 1523734654.584000 xs 0 2 0 
2 T 1523734654.600000 xs 0 2 0 
2 T 1523734654.615000 xs 0 2 0 
2 T 1523734654.632000 xs 0 2 0 
2 T 1523734654.648000 xs 0 2 0 
2 T 1523734654.663000 xs 0 2 0 
2 T 1523734654.680000 xs 0 2 0 
2 T 1523734654.696000 xs 0 2 0 
2 T 1523734654.712000 xs 0 2 0 
2 T 1523734654.728000 xs 0 2 0 
2 T 1523734654.744000 xs 0 2 0 
2 T 1523734654.760000 xs 0 2 0 
2 T 1523734654.775000 xs 0 2 0 
2 T 1523734654.792000 xs 0 2 0 
2 T 1523734654.807000 xs 0 2 0 
2 T 1523734654.823000 xs 0 2 0 
2 T 1523734654.840000 xs 0 2 0 
2 T 1523734654.856000 xs 0 2 0 
2 T 1523734654.871000 xs 0 2 0 
2 T 1523734654.888000 xs 0 2 0 
2 T 1523734654.904000 xs 0 2 0 
2 T 1523734654.919000 xs 0 2 0 
2 T 1523734654.935000 xs 0 2 0 
2 T 1523734654.952000 xs 0 2 0 
2 T 1523734654.967000 xs 0 2 0 
2 T 1523734654.984000 xs 0 2 0 
2 T 1523734655.000000 xs 0 2 0 
2 T 1523734655.015000 xs 0 2 0 
2 T 1523734655.032000 xs 0 2 0 
2 T 1523734655.048000 xs 0 2 0 
2 T 1523734655.064000 xs 0 2 0 
2 T 1523734655.080000 xs 0 2 0 
2 T 1523734655.096000 xs 0 2 0 
2 T 1523734655.112000 xs 0 2 0 
2 T 1523734655.127000 xs 0 2 0 
2 T 1523734655.145000 xs 0 2 0 
3 T 1523734655.160000 xs 0 2 0 T 1523734655.161000 
2 T 1523734655.176000 xs 0 2 0 
2 T 1523734655.192000 xs 0 2 0 
2 T 1523734655.207000 xs 0 2 0 
2 T 1523734655.223000 xs 0 2 0 
2 T 1523734655.239000 xs 0 2 0 
2 T 1523734655.255000 xs 0 2 0 
2 T 1523734655.271000 xs 0 2 0 
2 T 1523734655.287000 xs 0 2 0 
2 T 1523734655.303000 xs 0 2 0 
2 T 1523734655.319000 xs 0 2 0 
2 T 1523734655.335000 xs 0 2 0 
2 T 1523734655.352000 xs 0 2 0 
2 T 1523734655.368000 xs 0 2 0 
2 T 1523734655.383000 xs 0 2 0 
2 T 1523734655.399000 xs 0 2 0 
2 T 1523734655.415000 xs 0 2 0 
2 T 1523734655.431000 xs 0 2 0 
2 T 1523734655.448000 xs 0 2 0 
2 T 1523734655.464000 xs 0 2 0 
2 T 1523734655.479000 xs 0 2 0 
3 T 1523734655.495000 xs 0 2 10 41434345505445440A23 xs 0 2 0 
2 T 1523734655.512000 xs 0 2 0 
