1523735760 seed, 60 fps, 1920x1080, fullScreen=1, version75_mouseSpeed1.000000_musicOff0_musicLoudness1.000000_webRetrySeconds16 BC3D5E7F7F79892FF6B0487E89DDE795D6A445C6
2 T 1523735760.617000 mm 1118 666
0  
0  
0  
0  
0  
0  
0  
0  
0  
0  
0  
0  
0  
0  
0  
0  
0  
0  
0  
0  
0  
0  
0  
0  
0  
0  
0  
0  
0  
0  
0  
0  
0  
0  
0  
0  
0  
0  
0  
0  
0  
0  
0  
0  
0  
0  
0  
0  
0  
0  
0  
0  
0  
0  
0  
0  
0  
0  
0  
0  
0  
0  
0  
0  
0  
0  
0  
0  
0  
0  
0  
0  
0  
0  
0  
0  
0  
0  
0  
0  
0  
0  
0  
0  
0  
0  
0  
0  
0  
0  
0  
0  
0  
0  
0  
0  
0  
0  
1 T 1523735766.845000 
0  
0  
0  
0  
0  
0  
0  
0  
0  
0  
0  
0  
0  
0  
2 T 1523735771.736000 T 1523735771.738000 
1 T 1523735771.753000 
0  
1 T 1523735771.784000 
1 T 1523735771.800000 
1 T 1523735771.815000 
1 T 1523735771.832000 
1 T 1523735771.848000 
1 T 1523735771.863000 
1 T 1523735771.880000 
1 T 1523735771.896000 
1 T 1523735771.912000 
1 T 1523735771.928000 
1 T 1523735771.943000 
1 T 1523735771.960000 
1 T 1523735771.976000 
1 T 1523735771.991000 
1 T 1523735772.007000 
1 T 1523735772.024000 
1 T 1523735772.041000 
1 T 1523735772.056000 
1 T 1523735772.072000 
1 T 1523735772.088000 
1 T 1523735772.103000 
1 T 1523735772.120000 
1 T 1523735772.136000 
1 T 1523735772.152000 
1 T 1523735772.167000 
1 T 1523735772.184000 
1 T 1523735772.199000 
1 T 1523735772.215000 
1 T 1523735772.232000 
1 T 1523735772.248000 
1 T 1523735772.264000 
1 T 1523735772.279000 
1 T 1523735772.296000 
1 T 1523735772.312000 
1 T 1523735772.328000 
1 T 1523735772.344000 
1 T 1523735772.359000 
1 T 1523735772.376000 
1 T 1523735772.392000 
1 T 1523735772.407000 
1 T 1523735772.424000 
1 T 1523735772.440000 
1 T 1523735772.456000 
1 T 1523735772.472000 
1 T 1523735772.488000 
1 T 1523735772.503000 
1 T 1523735772.520000 
1 T 1523735772.535000 
1 T 1523735772.552000 
1 T 1523735772.568000 
1 T 1523735772.584000 
1 T 1523735772.600000 
1 T 1523735772.616000 
1 T 1523735772.631000 
1 T 1523735772.647000 
1 T 1523735772.664000 
1 T 1523735772.680000 
1 T 1523735772.696000 
1 T 1523735772.712000 
1 T 1523735772.728000 
1 T 1523735772.743000 
6 T 1523735772.759000 xs 0 2 15 534E0A302F3230300A360A37350A23 xs 0 2 0 xs 0 0 7 T 1523735772.760000 xs 0 0 169 
2 T 1523735772.775000 xs 0 2 0 
2 T 1523735772.792000 xs 0 2 0 
2 T 1523735772.808000 xs 0 2 0 
2 T 1523735772.824000 xs 0 2 0 
2 T 1523735772.840000 xs 0 2 0 
2 T 1523735772.855000 xs 0 2 0 
2 T 1523735772.871000 xs 0 2 0 
2 T 1523735772.888000 xs 0 2 0 
2 T 1523735772.903000 xs 0 2 0 
2 T 1523735772.919000 xs 0 2 0 
2 T 1523735772.936000 xs 0 2 0 
2 T 1523735772.952000 xs 0 2 0 
2 T 1523735772.968000 xs 0 2 0 
2 T 1523735772.983000 xs 0 2 0 
2 T 1523735772.999000 xs 0 2 0 
2 T 1523735773.015000 xs 0 2 0 
2 T 1523735773.032000 xs 0 2 0 
2 T 1523735773.048000 xs 0 2 0 
2 T 1523735773.063000 xs 0 2 0 
2 T 1523735773.079000 xs 0 2 0 
2 T 1523735773.096000 xs 0 2 0 
2 T 1523735773.111000 xs 0 2 0 
2 T 1523735773.127000 xs 0 2 0 
2 T 1523735773.143000 xs 0 2 0 
2 T 1523735773.160000 xs 0 2 0 
2 T 1523735773.176000 xs 0 2 0 
2 T 1523735773.192000 xs 0 2 0 
2 T 1523735773.208000 xs 0 2 0 
2 T 1523735773.223000 xs 0 2 0 
2 T 1523735773.240000 xs 0 2 0 
2 T 1523735773.255000 xs 0 2 0 
2 T 1523735773.271000 xs 0 2 0 
2 T 1523735773.287000 xs 0 2 0 
2 T 1523735773.303000 xs 0 2 0 
2 T 1523735773.319000 xs 0 2 0 
2 T 1523735773.335000 xs 0 2 0 
2 T 1523735773.352000 xs 0 2 0 
2 T 1523735773.367000 xs 0 2 0 
2 T 1523735773.383000 xs 0 2 0 
2 T 1523735773.400000 xs 0 2 0 
2 T 1523735773.416000 xs 0 2 0 
2 T 1523735773.432000 xs 0 2 0 
2 T 1523735773.448000 xs 0 2 0 
2 T 1523735773.464000 xs 0 2 0 
2 T 1523735773.481000 xs 0 2 0 
2 T 1523735773.496000 xs 0 2 0 
2 T 1523735773.511000 xs 0 2 0 
2 T 1523735773.527000 xs 0 2 0 
2 T 1523735773.544000 xs 0 2 0 
2 T 1523735773.559000 xs 0 2 0 
2 T 1523735773.576000 xs 0 2 0 
2 T 1523735773.591000 xs 0 2 0 
2 T 1523735773.608000 xs 0 2 0 
2 T 1523735773.624000 xs 0 2 0 
2 T 1523735773.640000 xs 0 2 0 
2 T 1523735773.656000 xs 0 2 0 
2 T 1523735773.671000 xs 0 2 0 
2 T 1523735773.688000 xs 0 2 0 
2 T 1523735773.704000 xs 0 2 0 
2 T 1523735773.720000 xs 0 2 0 
2 T 1523735773.736000 xs 0 2 0 
2 T 1523735773.751000 xs 0 2 0 
2 T 1523735773.767000 xs 0 2 0 
2 T 1523735773.783000 xs 0 2 0 
2 T 1523735773.800000 xs 0 2 0 
2 T 1523735773.815000 xs 0 2 0 
2 T 1523735773.831000 xs 0 2 0 
2 T 1523735773.848000 xs 0 2 0 
2 T 1523735773.865000 xs 0 2 0 
2 T 1523735773.880000 xs 0 2 0 
2 T 1523735773.897000 xs 0 2 0 
2 T 1523735773.913000 xs 0 2 0 
2 T 1523735773.929000 xs 0 2 0 
2 T 1523735773.944000 xs 0 2 0 
2 T 1523735773.960000 xs 0 2 0 
2 T 1523735773.977000 xs 0 2 0 
2 T 1523735773.993000 xs 0 2 0 
2 T 1523735774.009000 xs 0 2 0 
2 T 1523735774.024000 xs 0 2 0 
2 T 1523735774.040000 xs 0 2 0 
2 T 1523735774.056000 xs 0 2 0 
2 T 1523735774.073000 xs 0 2 0 
2 T 1523735774.089000 xs 0 2 0 
2 T 1523735774.104000 xs 0 2 0 
2 T 1523735774.121000 xs 0 2 0 
2 T 1523735774.137000 xs 0 2 0 
2 T 1523735774.153000 xs 0 2 0 
2 T 1523735774.169000 xs 0 2 0 
2 T 1523735774.185000 xs 0 2 0 
2 T 1523735774.201000 xs 0 2 0 
2 T 1523735774.217000 xs 0 2 0 
2 T 1523735774.233000 xs 0 2 0 
2 T 1523735774.249000 xs 0 2 0 
2 T 1523735774.264000 xs 0 2 0 
2 T 1523735774.281000 xs 0 2 0 
2 T 1523735774.297000 xs 0 2 0 
2 T 1523735774.312000 xs 0 2 0 
2 T 1523735774.328000 xs 0 2 0 
2 T 1523735774.345000 xs 0 2 0 
2 T 1523735774.361000 xs 0 2 0 
2 T 1523735774.377000 xs 0 2 0 
2 T 1523735774.393000 xs 0 2 0 
2 T 1523735774.409000 xs 0 2 0 
2 T 1523735774.424000 xs 0 2 0 
2 T 1523735774.441000 xs 0 2 0 
2 T 1523735774.457000 xs 0 2 0 
2 T 1523735774.472000 xs 0 2 0 
2 T 1523735774.488000 xs 0 2 0 
2 T 1523735774.505000 xs 0 2 0 
2 T 1523735774.521000 xs 0 2 0 
2 T 1523735774.536000 xs 0 2 0 
2 T 1523735774.552000 xs 0 2 0 
2 T 1523735774.569000 xs 0 2 0 
2 T 1523735774.585000 xs 0 2 0 
2 T 1523735774.600000 xs 0 2 0 
2 T 1523735774.616000 xs 0 2 0 
2 T 1523735774.632000 xs 0 2 0 
2 T 1523735774.649000 xs 0 2 0 
2 T 1523735774.665000 xs 0 2 0 
2 T 1523735774.680000 xs 0 2 0 
2 T 1523735774.697000 xs 0 2 0 
2 T 1523735774.713000 xs 0 2 0 
2 T 1523735774.729000 xs 0 2 0 
2 T 1523735774.744000 xs 0 2 0 
2 T 1523735774.760000 xs 0 2 0 
2 T 1523735774.776000 xs 0 2 0 
3 T 1523735774.793000 xs 0 2 10 41434345505445440A23 xs 0 2 0 
2 T 1523735774.808000 xs 0 2 0 
2 T 1523735774.824000 xs 0 2 0 
2 T 1523735774.840000 xs 0 2 0 
