1522220075 seed, 60 fps, 1920x1080, fullScreen=1, version58_mouseSpeed1.000000_musicOff0_musicLoudness1.000000_webRetrySeconds16 1D7CC22DA7E829AC4D291EEBF93B4A10DCB65C93
0  
0  
1  ku 121 334 493
0  
0  
0  
0  
0  
0  
0  
0  
0  
0  
0  
0  
0  
0  
0  
0  
0  
0  
0  
0  
0  
0  
0  
0  
0  
0  
0  
0  
0  
0  
0  
0  
0  
0  
0  
0  
0  
0  
0  
0  
0  
0  
0  
0  
0  
0  
0  
0  
0  
0  
0  
0  
0  
0  
0  
0  
0  
0  
0  
0  
0  
0  
0  
0  
0  
0  
0  
0  
0  
0  
0  
0  
0  
0  
0  
0  
0  
0  
1 T 1522220083.903000 
0  
0  
0  
0  
0  
0  
0  
0  
0  
0  
0  
0  
0  
0  
0  
0  
0  
0  
0  
0  
0  
0  
0  
0  
0  
0  
0  
0  
0  
0  
0  
0  
0  
0  
0  
0  
0  
0  
0  
0  
0  
0  
0  
0  
0  
0  
0  
0  
0  
0  
0  
0  
0  
0  
0  
0  
0  
0  
0  
0  
0  
0  
0  
0  
0  
0  
0  
0  
0  
0  
0  
0  
0  
0  
0  
0  
0  
0  
0  
0  
0  
0  
0  
0  
0  
0  
0  
0  
0  
0  
1  mm 344 480
1  mm 368 461
1  mm 522 374
1  mm 751 277
1  mm 834 249
1  mm 957 231
1  mm 1024 235
1  mm 1130 249
1  mm 1166 264
2 T 1522220086.456000 mm 1195 276
1  mm 1239 296
1  mm 1258 302
1  mm 1267 304
1  mm 1273 306
0  
0  
0  
0  
0  
0  
0  
0  
0  
0  
0  
0  
0  
0  
0  
0  
0  
0  
0  
0  
0  
0  
0  
0  
0  
0  
0  
0  
0  
0  
0  
0  
0  
0  
0  
0  
0  
0  
0  
0  
0  
0  
0  
0  
0  
0  
0  
0  
0  
1  mm 1272 307
1  mm 1262 319
1  mm 1254 326
1  mm 1240 340
1  mm 1235 344
1  mm 1230 353
1  mm 1221 364
1  mm 1209 373
1  mm 1194 388
1  mm 1183 398
1  mm 1176 405
1  mm 1162 422
1  mm 1154 439
1  mm 1130 502
1  mm 1114 553
1  mm 1104 595
1  mm 1092 631
1  mm 1089 642
1  mm 1085 651
1  mm 1084 655
1  mm 1082 658
1  mm 1081 660
0  
1  mm 1079 660
0  
0  
0  
0  
0  
0  
0  
0  
0  
0  
0  
0  
0  
0  
0  
0  
0  
0  
0  
0  
0  
0  
1 T 1522220088.056000 
0  
0  
0  
0  
0  
0  
0  
0  
0  
0  
0  
0  
0  
0  
0  
0  
0  
0  
0  
0  
0  
0  
0  
0  
0  
0  
0  
0  
0  
0  
0  
0  
0  
0  
0  
0  
0  
0  
0  
0  
0  
0  
0  
0  
0  
0  
0  
0  
0  
0  
0  
0  
0  
0  
0  
0  
0  
0  
0  
0  
0  
0  
0  
0  
0  
0  
0  
0  
0  
0  
0  
0  
0  
0  
0  
0  
0  
0  
0  
0  
0  
0  
0  
0  
0  
0  
0  
0  
0  
0  
0  
0  
0  
0  
0  
0  
0  
0  
0  
1 T 1522220089.656000 
0  
0  
0  
0  
0  
0  
0  
0  
0  
0  
0  
0  
0  
0  
0  
0  
0  
0  
0  
0  
0  
0  
0  
0  
0  
0  
0  
0  
0  
0  
0  
0  
0  
1  mm 1065 644
1  mm 1047 626
1  mm 1035 614
1  mm 1024 605
1  mm 1019 602
1  mm 1015 599
1  mm 1011 598
1  mm 1008 598
1  mm 1002 598
1  mm 999 598
1  mm 995 598
1  mm 992 598
1  mm 988 599
1  mm 982 599
1  mm 979 599
1  mm 977 599
1  mm 973 599
1  mm 972 599
1  mm 969 599
1  mm 967 599
0  
1  mm 965 598
0  
1  mm 965 595
1  mm 965 593
0  
1  mm 965 589
1  mm 963 588
1  mm 963 586
1  mm 963 583
1  mm 963 582
1  mm 963 580
1  mm 963 579
0  
0  
0  
0  
0  
0  
1  mm 962 579
0  
0  
1  mm 962 578
0  
0  
0  
0  
0  
0  
0  
0  
0  
0  
0  
0  
0  
0  
0  
0  
0  
0  
0  
0  
0  
0  
0  
1 T 1522220091.257000 
0  
0  
0  
0  
0  
0  
0  
0  
0  
0  
0  
0  
0  
0  
0  
0  
0  
0  
0  
0  
0  
0  
0  
0  
0  
0  
0  
0  
0  
0  
0  
0  
0  
0  
0  
0  
0  
0  
0  
0  
0  
0  
0  
0  
0  
0  
0  
0  
0  
0  
0  
0  
0  
1  mm 1188 658
1  mm 1360 712
1  mm 1404 745
1  mm 1472 783
1  mm 1508 801
1  mm 1531 812
1  mm 1539 821
1  mm 1542 825
1  mm 1542 828
1  mm 1542 833
1  mm 1542 834
1  mm 1542 837
0  
1  mm 1542 838
1  mm 1542 841
0  
1  mm 1542 845
1  mm 1542 848
1  mm 1542 854
1  mm 1540 873
1  mm 1535 895
1  mm 1525 920
1  mm 1521 929
1  mm 1518 935
1  mm 1515 941
1  mm 1512 946
1  mm 1511 950
1  mm 1509 953
1  mm 1508 955
1  mm 1506 957
1  mm 1505 959
1  mm 1504 960
1  mm 1501 962
1  mm 1499 962
1  mm 1498 963
0  
0  
0  
0  
0  
0  
0  
0  
0  
0  
0  
1 T 1522220092.858000 
0  
0  
0  
0  
0  
0  
0  
0  
0  
0  
0  
0  
0  
0  
0  
0  
0  
0  
0  
0  
0  
0  
0  
0  
0  
0  
0  
0  
0  
0  
0  
0  
0  
0  
0  
0  
0  
0  
0  
0  
0  
0  
0  
0  
0  
0  
0  
0  
0  
0  
0  
0  
0  
0  
0  
0  
0  
1  mm 1479 963
1  mm 1282 920
1  mm 1132 881
1  mm 1093 863
1  mm 893 788
1  mm 819 743
1  mm 687 695
1  mm 633 641
1  mm 609 622
1  mm 582 605
1  mm 564 592
1  mm 559 586
1  mm 554 583
1  mm 551 576
1  mm 552 567
1  mm 572 523
1  mm 615 466
1  mm 651 410
1  mm 694 349
1  mm 713 325
1  mm 730 314
1  mm 747 307
1  mm 753 305
1  mm 763 303
1  mm 769 303
1  mm 778 303
1  mm 788 303
1  mm 794 303
1  mm 797 303
1  mm 803 304
1  mm 807 305
1  mm 809 307
1  mm 813 308
1  mm 816 309
1  mm 817 312
1  mm 817 314
0  
0  
0  
0  
0  
0  
1 T 1522220094.459000 
0  
0  
0  
1  mm 817 318
1  mm 814 323
1  mm 809 331
1  mm 807 336
1  mm 803 342
1  mm 802 344
1  mm 802 347
1  mm 797 351
0  
0  
0  
0  
0  
0  
0  
0  
0  
0  
0  
0  
0  
0  
0  
0  
1  mb 1 1 797 351
0  
0  
0  
0  
0  
0  
0  
0  
0  
0  
0  
0  
1  mb 1 0 797 351
0  
0  
0  
0  
0  
0  
0  
0  
0  
0  
0  
0  
0  
0  
0  
0  
0  
0  
0  
0  
0  
0  
0  
0  
0  
1  mm 787 362
1  mm 773 372
1  mm 741 393
1  mm 727 402
1  mm 707 414
1  mm 607 459
1  mm 496 496
1  mm 426 526
1  mm 381 542
1  mm 339 557
1  mm 324 569
1  mm 319 574
1  mm 315 577
1  mm 310 581
1  mm 307 583
1  mm 301 589
1  mm 298 592
1  mm 294 598
1  mm 289 602
1  mm 284 611
1  mm 276 625
1  mm 273 632
1  mm 271 641
1  mm 270 655
1  mm 271 671
1  mm 284 705
1  mm 297 746
1  mm 310 788
1  mm 328 844
1  mm 332 860
1  mm 336 873
1  mm 341 889
1  mm 341 894
2 T 1522220096.059000 mm 343 901
1  mm 343 904
1  mm 343 907
1  mm 343 910
0  
0  
0  
0  
0  
0  
0  
0  
0  
0  
0  
0  
0  
0  
0  
0  
0  
0  
0  
0  
0  
1  mm 343 913
1  mm 343 929
1  mm 343 938
1  mm 343 944
1  mm 343 952
1  mm 343 955
0  
0  
0  
0  
0  
0  
0  
0  
0  
0  
0  
1  mb 1 1 343 955
0  
0  
0  
0  
0  
0  
0  
0  
0  
0  
0  
0  
1  mb 1 0 343 955
