1523747480 seed, 60 fps, 1920x1080, fullScreen=1, version60_mouseSpeed1.000000_musicOff0_musicLoudness1.000000_webRetrySeconds16 6AE1F26D71B23CC4993473343583E646F47A27A7
3 T 1523747480.916000 mm 937 856 mm 965 783
1  mm 977 757
1  mm 993 723
0  
0  
0  
0  
0  
0  
0  
0  
0  
0  
0  
0  
0  
0  
0  
0  
0  
0  
0  
0  
0  
0  
0  
0  
0  
0  
0  
0  
0  
0  
0  
0  
0  
0  
0  
0  
0  
0  
0  
0  
0  
0  
0  
0  
0  
0  
0  
0  
0  
0  
0  
0  
0  
0  
0  
0  
0  
0  
0  
0  
0  
0  
0  
0  
0  
0  
0  
0  
0  
0  
0  
0  
0  
0  
0  
0  
0  
0  
0  
0  
0  
0  
0  
0  
0  
0  
0  
0  
0  
0  
0  
0  
0  
0  
0  
0  
1 T 1523747483.804000 
0  
0  
0  
0  
0  
0  
0  
0  
0  
0  
0  
0  
0  
0  
0  
0  
2 af 0 af 3 
1 af 1 
1 af 2 
1 af 4 
0  
0  
0  
0  
0  
0  
0  
0  
0  
0  
0  
0  
0  
0  
0  
0  
0  
1  mm 995 723
1  mm 996 720
1  mm 996 714
1  mm 1004 695
1  mm 1013 675
1  mm 1030 628
1  mm 1042 596
0  
0  
0  
0  
0  
0  
0  
0  
1  mm 1073 358
1  mm 1061 332
1  mm 1049 321
1  mm 1040 312
1  mm 1027 303
1  mm 1016 299
1  mm 1007 295
1  mm 993 292
1  mm 984 290
1  mm 976 290
1  mm 964 290
1  mm 958 290
1  mm 955 289
1  mm 950 286
0  
0  
0  
0  
0  
0  
0  
0  
0  
0  
0  
0  
0  
0  
0  
0  
0  
1  mb 1 1 950 286
0  
0  
0  
0  
0  
0  
0  
0  
0  
0  
0  
0  
0  
