1523745089 seed, 60 fps, 1920x1080, fullScreen=1, version60_mouseSpeed1.000000_musicOff0_musicLoudness1.000000_webRetrySeconds16 6AE1F26D71B23CC4993473343583E646F47A27A7
2 T 1523745089.783000 mm 452 601
0  
1  mm 897 248
0  
0  
0  
0  
0  
0  
0  
0  
0  
0  
0  
0  
0  
0  
0  
0  
0  
0  
0  
0  
0  
0  
0  
0  
0  
0  
0  
0  
0  
0  
0  
0  
0  
0  
0  
0  
0  
0  
0  
0  
0  
0  
0  
0  
0  
0  
0  
0  
0  
0  
0  
0  
0  
0  
0  
0  
0  
0  
0  
0  
0  
0  
0  
0  
0  
0  
0  
0  
0  
0  
0  
0  
0  
0  
0  
0  
0  
0  
0  
0  
0  
1  mm 940 243
1  mm 1008 232
1  mm 1123 220
1  mm 1148 218
1  mm 1159 216
1  mm 1169 216
1  mm 1175 216
1  mm 1179 216
1  mm 1182 218
1  mm 1184 218
1  mm 1185 218
1  mm 1187 218
1  mm 1188 218
0  
0  
2 T 1523745092.589000 mm 1185 218
1  mm 1182 218
1  mm 1179 218
1  mm 1176 218
1  mm 1173 218
1  mm 1170 219
1  mm 1169 219
1  mm 1168 219
1  mm 1166 219
0  
1  mm 1166 221
0  
0  
0  
0  
0  
0  
2 af 0 af 3 
1 af 1 
1 af 2 
1 af 4 
0  
0  
0  
0  
0  
0  
0  
0  
0  
0  
0  
0  
0  
0  
0  
0  
0  
0  
0  
0  
0  
1  mm 1181 228
1  mm 1232 242
1  mm 1295 262
1  mm 1309 267
1  mm 1319 271
1  mm 1322 272
1  mm 1326 274
1  mm 1329 274
1  mm 1335 274
1  mm 1343 274
1  mm 1346 274
1  mm 1350 274
1  mm 1353 274
1  mm 1356 274
1  mm 1357 274
1  mm 1359 274
1  mm 1360 274
1  mm 1361 274
0  
0  
0  
0  
0  
0  
0  
0  
0  
0  
0  
0  
0  
0  
0  
0  
0  
0  
1  mm 1335 273
1  mm 1140 269
1  mm 1096 271
1  mm 978 283
1  mm 934 288
1  mm 884 296
1  mm 822 304
1  mm 811 305
1  mm 805 305
1  mm 799 305
1  mm 794 305
1  mm 786 305
1  mm 755 304
1  mm 720 299
1  mm 678 290
1  mm 656 286
1  mm 643 282
1  mm 631 282
1  mm 628 282
1  mm 625 282
1  mm 621 282
1  mm 618 282
3 T 1523745094.823000 T 1523745094.824000 mm 617 282
1  mm 612 282
1  mm 609 282
1  mm 608 282
1  mm 604 282
1  mm 602 280
1  mm 600 280
1  mm 598 279
1  mm 598 278
1  mm 598 276
1  mm 599 275
1  mm 607 273
1  mm 716 265
1  mm 890 247
1  mm 918 245
1  mm 930 245
1  mm 935 247
2  mm 936 248 mm 938 248
1  mm 942 250
1  mm 947 251
1  mm 951 253
1  mm 955 254
1  mm 957 256
1  mm 961 257
1  mm 962 257
1  mm 965 257
1  mm 968 258
1  mm 974 258
1  mm 983 260
1  mm 995 264
1  mm 998 265
1  mm 1004 266
1  mm 1008 268
1  mm 1011 268
1  mm 1017 269
1  mm 1022 271
1  mm 1032 271
1  mm 1044 273
1  mm 1052 273
1  mm 1061 273
1  mm 1075 273
1  mm 1079 273
1  mm 1084 273
1  mm 1088 273
1  mm 1091 273
1  mm 1095 273
1  mm 1097 273
1  mm 1099 273
1  mm 1101 273
1  mm 1102 273
1  mm 1104 273
1  mm 1105 273
1  mm 1106 273
0  
0  
0  
0  
0  
0  
0  
0  
0  
0  
0  
0  
0  
0  
0  
0  
0  
0  
0  
0  
0  
0  
0  
0  
0  
0  
0  
0  
0  
0  
0  
0  
0  
0  
0  
0  
0  
0  
0  
0  
0  
0  
0  
0  
0  
0  
0  
1 T 1523745096.423000 
1  mm 1103 274
1  mm 1089 280
1  mm 1070 288
1  mm 1057 293
1  mm 1046 297
1  mm 1032 301
1  mm 1021 302
1  mm 1009 304
1  mm 1002 306
2  mm 998 307 mm 996 307
1  mm 992 310
1  mm 990 312
0  
0  
0  
0  
0  
0  
0  
0  
0  
0  
0  
0  
0  
0  
0  
0  
0  
0  
0  
0  
0  
0  
0  
0  
0  
0  
0  
0  
0  
0  
0  
0  
0  
0  
0  
1  mm 994 308
1  mm 998 305
1  mm 1002 303
1  mm 1005 300
1  mm 1010 298
1  mm 1010 296
1  mm 1011 294
0  
0  
0  
0  
0  
0  
0  
0  
0  
0  
0  
1  mb 1 1 1011 294
0  
0  
0  
0  
0  
0  
0  
0  
0  
0  
0  
0  
0  
1  mb 1 0 1011 294
2 af 5 af 8 
1 af 6 
1 af 7 
0  
0  
0  
0  
0  
0  
0  
0  
0  
0  
0  
0  
0  
0  
0  
0  
1 T 1523745098.048000 
0  
0  
0  
0  
0  
0  
0  
0  
0  
0  
0  
0  
0  
0  
0  
0  
0  
0  
1  mm 1012 294
1  mm 1037 294
1  mm 1084 291
1  mm 1174 285
1  mm 1204 280
1  mm 1211 280
1  mm 1216 280
1  mm 1220 280
1  mm 1223 280
1  mm 1227 280
1  mm 1231 281
1  mm 1233 281
1  mm 1237 281
1  mm 1240 281
1  mm 1241 281
1  mm 1243 281
1  mm 1244 281
1  mm 1246 282
1  mm 1247 282
1  mm 1248 282
1  mm 1250 280
1  mm 1250 279
0  
0  
0  
0  
0  
0  
0  
0  
0  
0  
0  
0  
0  
0  
0  
0  
0  
0  
0  
0  
0  
1  mm 1214 289
1  mm 1199 291
1  mm 1190 292
1  mm 1184 294
1  mm 1181 293
1  mm 1175 292
0  
0  
0  
0  
0  
0  
0  
0  
0  
0  
0  
1  mb 1 1 1175 292
0  
0  
0  
0  
0  
0  
0  
0  
0  
0  
0  
0  
0  
1  mb 1 0 1175 292
0  
0  
0  
0  
0  
0  
1 T 1523745099.650000 
0  
0  
0  
0  
0  
0  
0  
0  
0  
0  
0  
0  
0  
0  
0  
0  
0  
0  
0  
1  mm 1197 300
1  mm 1223 312
1  mm 1249 324
1  mm 1266 331
1  mm 1274 333
1  mm 1279 334
1  mm 1283 337
1  mm 1287 337
1  mm 1294 337
1  mm 1301 337
1  mm 1306 337
1  mm 1313 337
1  mm 1320 337
1  mm 1324 337
1  mm 1326 337
1  mm 1330 337
0  
0  
0  
0  
0  
0  
0  
0  
0  
1  mb 1 1 1330 337
0  
0  
0  
0  
0  
0  
0  
0  
0  
0  
0  
0  
0  
1  mb 1 0 1330 337
0  
0  
0  
0  
1  kd 100 1330 337
5 af 9 af 12 af 15 af 18 af 21 
3 af 10 af 14 af 19 
2 af 11 af 17 
2 af 13 af 22 
1 af 16 
1 af 20 
1  ku 100 1330 337
0  
0  
0  
0  
0  
0  
1  kd 114 1330 337
10 af 23 af 26 af 29 af 32 af 35 af 38 af 41 af 44 af 47 af 50 
6 af 24 af 28 af 33 af 37 af 42 af 46 
4 af 25 af 31 af 39 af 45 
3 af 27 af 36 af 48 
2 af 30 af 43 
2 af 34 ku 114 1330 337
1 af 40 
1 af 49 
0  
0  
0  
0  
0  
0  
0  
0  
0  
0  
0  
0  
0  
1 T 1523745101.251000 
0  
0  
0  
0  
0  
0  
0  
0  
0  
0  
0  
0  
0  
0  
0  
0  
0  
0  
0  
0  
0  
0  
0  
0  
0  
0  
0  
0  
0  
0  
0  
1  kd 111 1330 337
4 af 51 af 54 af 57 af 60 
2 af 52 af 56 
2 af 53 af 59 
1 af 55 
2 af 58 kd 109 1330 337
0  
0  
1  ku 111 1330 337
0  
0  
0  
1  ku 109 1330 337
0  
0  
0  
0  
0  
0  
0  
0  
0  
0  
0  
0  
0  
0  
0  
0  
0  
0  
0  
0  
0  
0  
0  
0  
0  
0  
0  
0  
0  
0  
0  
0  
0  
0  
0  
0  
0  
1  mm 1330 342
1  mm 1328 348
1  mm 1328 352
1  mm 1328 355
1  mm 1328 357
1  mm 1328 361
1  mm 1328 364
1  mm 1328 367
1  mm 1328 370
1  mm 1328 371
1  mm 1328 375
1  mm 1328 377
1  mm 1328 379
1  mm 1328 382
1  mm 1328 385
0  
0  
0  
1 T 1523745102.851000 
0  
0  
0  
0  
0  
0  
0  
0  
0  
0  
0  
0  
0  
0  
0  
0  
0  
0  
1  mm 1328 387
1  mm 1328 388
1  mm 1330 391
1  mm 1331 395
1  mm 1333 400
1  mm 1334 406
1  mm 1338 414
1  mm 1339 419
0  
0  
0  
0  
0  
0  
0  
0  
0  
0  
0  
0  
1  mb 1 1 1339 419
0  
0  
0  
0  
0  
0  
0  
0  
0  
0  
0  
0  
0  
1  mb 1 0 1339 419
0  
0  
0  
0  
0  
0  
0  
0  
0  
0  
0  
0  
0  
0  
0  
0  
0  
0  
0  
0  
0  
0  
0  
0  
0  
0  
0  
0  
0  
0  
0  
0  
0  
0  
0  
1  mm 1339 425
1  mm 1343 439
1  mm 1344 446
1  mm 1344 454
1  mm 1344 464
1  mm 1344 468
1  mm 1344 471
1  mm 1344 476
1  mm 1344 479
1  mm 1344 483
0  
2 T 1523745104.453000 mm 1344 484
1  mm 1344 487
0  
0  
0  
0  
0  
0  
0  
0  
0  
0  
0  
0  
1  mb 1 1 1344 487
0  
0  
0  
0  
0  
0  
0  
0  
0  
0  
0  
0  
1  mb 1 0 1344 487
0  
0  
0  
0  
0  
0  
0  
0  
0  
0  
0  
0  
0  
0  
0  
0  
0  
0  
0  
0  
0  
0  
0  
0  
0  
0  
0  
0  
0  
0  
0  
0  
0  
0  
0  
0  
0  
0  
0  
0  
0  
0  
0  
0  
0  
0  
0  
0  
0  
0  
0  
0  
0  
0  
0  
0  
0  
0  
0  
0  
0  
0  
0  
0  
0  
0  
0  
0  
0  
1  mm 1344 489
1  mm 1344 495
1  mm 1344 502
2 T 1523745106.055000 mm 1344 507
1  mm 1344 510
1  mm 1344 516
1  mm 1344 518
1  mm 1344 520
1  mm 1344 523
1  mm 1344 524
1  mm 1344 526
1  mm 1344 527
0  
1  mm 1342 527
0  
0  
0  
0  
0  
0  
0  
0  
0  
0  
0  
0  
0  
0  
0  
0  
0  
0  
0  
0  
0  
0  
0  
0  
0  
0  
0  
0  
0  
0  
0  
0  
0  
0  
0  
0  
0  
0  
0  
0  
0  
0  
1  mb 1 1 1342 527
0  
0  
0  
0  
0  
0  
0  
0  
0  
0  
0  
0  
1  mb 1 0 1342 527
0  
0  
0  
0  
0  
0  
0  
0  
0  
0  
0  
0  
0  
0  
0  
0  
0  
0  
0  
0  
0  
0  
0  
0  
0  
0  
0  
0  
0  
0  
0  
0  
0  
1 T 1523745107.655000 
0  
0  
0  
0  
0  
0  
0  
0  
0  
0  
0  
0  
1  mm 1342 530
1  mm 1342 534
1  mm 1342 539
1  mm 1342 545
1  mm 1342 549
1  mm 1342 555
1  mm 1342 558
1  mm 1342 564
1  mm 1342 567
1  mm 1342 571
1  mm 1342 576
1  mm 1342 578
1  mm 1342 583
1  mm 1342 584
1  mm 1342 587
1  mm 1342 590
1  mm 1342 591
0  
1  mm 1342 594
0  
0  
0  
0  
0  
0  
0  
0  
0  
0  
0  
0  
0  
0  
0  
0  
0  
0  
1  mb 1 1 1342 594
0  
0  
0  
0  
0  
0  
0  
0  
0  
0  
0  
0  
0  
