1523744687 seed, 60 fps, 1920x1080, fullScreen=1, version60_mouseSpeed1.000000_musicOff0_musicLoudness1.000000_webRetrySeconds16 6AE1F26D71B23CC4993473343583E646F47A27A7
2 T 1523744687.991000 mm 573 505
0  
0  
0  
0  
0  
0  
0  
0  
0  
0  
0  
0  
0  
0  
0  
0  
0  
0  
0  
0  
0  
0  
0  
0  
0  
0  
0  
0  
0  
0  
0  
0  
0  
0  
0  
0  
0  
0  
0  
0  
0  
0  
0  
0  
0  
0  
0  
0  
0  
0  
0  
0  
0  
0  
0  
0  
0  
0  
0  
0  
0  
0  
0  
0  
0  
0  
0  
0  
0  
0  
0  
0  
0  
0  
0  
0  
0  
0  
0  
0  
0  
0  
0  
0  
0  
0  
0  
0  
0  
0  
0  
0  
0  
0  
0  
0  
0  
0  
1 T 1523744690.813000 
0  
0  
0  
0  
0  
0  
0  
0  
0  
0  
0  
0  
0  
0  
0  
0  
2 af 0 af 3 
1 af 1 
1 af 2 
1 af 4 
0  
0  
0  
0  
0  
0  
0  
0  
0  
0  
0  
0  
0  
0  
0  
0  
0  
0  
1  mm 697 409
1  mm 779 348
1  mm 815 330
1  mm 848 318
1  mm 870 311
1  mm 874 310
1  mm 876 310
1  mm 877 310
1  mm 879 308
1  mm 880 308
0  
0  
0  
1  mm 880 307
0  
0  
0  
0  
0  
0  
0  
0  
0  
0  
0  
0  
0  
0  
0  
0  
0  
0  
1  mb 1 1 880 307
0  
0  
0  
0  
0  
0  
0  
0  
0  
1  md 883 307
1  md 892 304
1  md 906 300
1  md 911 298
1  md 917 297
1  md 920 296
1  md 921 296
1  mb 1 0 921 296
0  
0  
0  
0  
0  
0  
0  
0  
0  
0  
1  mb 1 1 921 296
1 T 1523744693.014000 
0  
0  
0  
0  
0  
0  
0  
0  
0  
0  
0  
1  mb 1 0 921 296
1 af 5 
1 af 6 
1 af 7 
1 af 8 
0  
0  
0  
0  
0  
0  
0  
0  
0  
0  
0  
0  
0  
0  
0  
0  
0  
0  
0  
0  
0  
0  
0  
0  
0  
0  
0  
0  
0  
0  
0  
0  
0  
1  mm 932 304
1  mm 956 318
1  mm 982 332
1  mm 1013 343
1  mm 1026 347
1  mm 1039 351
1  mm 1068 351
1  mm 1111 351
1  mm 1140 351
1  mm 1152 351
1  mm 1159 352
1  mm 1169 354
1  mm 1176 356
1  mm 1180 357
1  mm 1186 357
1  mm 1191 357
1  mm 1194 357
1  mm 1195 357
0  
0  
0  
0  
0  
0  
0  
0  
0  
0  
0  
0  
0  
0  
0  
0  
0  
0  
0  
1  mm 1210 353
1  mm 1244 339
1  mm 1260 333
1  mm 1273 329
1  mm 1281 328
1  mm 1284 326
1  mm 1290 325
1  mm 1294 323
1  mm 1297 322
1  mm 1303 320
1  mm 1306 319
2  mm 1311 317 mm 1312 317
1  mm 1316 316
2 T 1523744694.638000 mm 1319 314
1  mm 1324 313
1  mm 1326 311
1  mm 1328 310
1  mm 1329 310
1  mm 1331 310
1  mm 1332 310
0  
1  mm 1334 312
1  mm 1335 315
1  mm 1336 318
1  mm 1338 320
1  mm 1339 323
1  mm 1342 326
1  mm 1345 328
1  mm 1348 329
1  mm 1351 330
1  mm 1352 332
1  mm 1353 333
1  mm 1355 335
1  mm 1356 334
0  
0  
0  
0  
0  
0  
0  
0  
0  
0  
0  
1  mb 1 1 1356 334
0  
0  
0  
0  
0  
0  
0  
0  
0  
0  
0  
0  
1  mb 1 0 1356 334
0  
0  
0  
0  
0  
0  
0  
0  
0  
0  
0  
0  
0  
0  
0  
0  
0  
0  
0  
0  
0  
0  
0  
0  
0  
0  
0  
0  
0  
0  
0  
0  
0  
0  
0  
0  
0  
0  
0  
0  
0  
0  
0  
0  
0  
0  
0  
0  
0  
0  
0  
0  
0  
0  
1 T 1523744696.239000 
0  
0  
0  
0  
0  
0  
0  
0  
0  
0  
0  
0  
0  
0  
0  
0  
0  
0  
0  
0  
0  
0  
0  
0  
0  
0  
0  
0  
0  
0  
0  
0  
0  
0  
0  
0  
0  
0  
0  
0  
0  
0  
0  
0  
0  
0  
0  
0  
0  
0  
0  
0  
0  
0  
0  
0  
0  
0  
0  
0  
0  
0  
0  
0  
0  
0  
1  mm 1349 342
1  mm 1339 353
1  mm 1332 378
1  mm 1326 408
1  mm 1326 420
1  mm 1326 427
1  mm 1326 431
1  mm 1326 434
1  mm 1326 437
1  mm 1326 441
1  mm 1329 452
1  mm 1335 478
1  mm 1344 504
1  mm 1348 517
1  mm 1350 525
1  mm 1351 528
1  mm 1351 532
0  
1  mm 1351 534
1  mm 1352 534
0  
1  mm 1355 533
0  
1  mm 1357 530
1  mm 1358 529
1  mm 1360 528
1  mm 1361 526
1  mm 1362 525
1  mm 1362 516
0  
0  
0  
0  
1 T 1523744697.840000 
0  
0  
0  
0  
0  
0  
1  mb 1 1 1362 516
0  
0  
0  
0  
0  
0  
0  
0  
0  
0  
0  
0  
1  mb 1 0 1362 516
0  
0  
0  
0  
0  
0  
0  
0  
0  
0  
0  
0  
0  
0  
0  
0  
0  
0  
0  
0  
0  
0  
0  
0  
1  mm 1353 520
1  mm 1280 547
1  mm 1221 567
1  mm 1129 583
1  mm 1043 587
1  mm 989 587
1  mm 956 587
1  mm 924 578
1  mm 900 574
1  mm 895 574
1  mm 890 574
1  mm 887 572
1  mm 884 572
1  mm 881 572
1  mm 878 572
1  mm 875 572
1  mm 874 572
1  mm 873 572
1  mm 871 572
1  mm 868 572
1  mm 864 572
1  mm 842 568
1  mm 811 561
1  mm 785 554
1  mm 764 548
1  mm 755 545
1  mm 749 543
1  mm 748 542
1  mm 745 540
1  mm 742 540
0  
1  mm 740 539
0  
1  mm 740 537
0  
0  
0  
0  
0  
0  
1  mm 740 536
0  
1  mm 740 535
0  
1  mm 741 535
1  mm 743 535
1  mm 744 535
1  mm 746 535
1  mm 747 535
1  mm 748 535
0  
0  
0  
0  
0  
1 T 1523744699.441000 
0  
0  
0  
0  
0  
0  
0  
0  
1  mm 747 536
1  mm 747 539
1  mm 745 542
1  mm 742 550
1  mm 742 554
1  mm 739 561
1  mm 737 569
1  mm 736 573
1  mm 732 581
1  mm 731 586
1  mm 729 592
1  mm 728 598
1  mm 726 603
1  mm 726 606
1  mm 726 611
1  mm 726 616
1  mm 726 620
1  mm 726 622
1  mm 727 624
1  mm 727 627
1  mm 727 629
0  
1  mm 727 630
1  mm 727 632
0  
1  mm 728 633
1  mm 729 636
1  mm 731 640
1  mm 734 648
1  mm 737 653
1  mm 744 663
1  mm 750 672
1  mm 753 679
1  mm 757 685
1  mm 760 690
1  mm 762 692
1  mm 765 695
1  mm 766 697
1  mm 767 698
1  mm 769 700
1  mm 769 701
1  mm 770 701
0  
0  
1  mm 773 701
1  mm 776 701
1  mm 779 701
1  mm 786 701
1  mm 794 701
1  mm 803 701
1  mm 813 701
1  mm 816 703
1  mm 820 703
1  mm 823 703
1  mm 826 703
1  mm 827 703
0  
1  mm 827 702
1  mm 820 694
1  mm 813 683
1  mm 803 674
1  mm 790 659
1  mm 783 647
1  mm 772 631
1  mm 762 619
1  mm 757 608
1  mm 745 591
1  mm 742 582
1  mm 739 576
1  mm 734 570
1  mm 733 567
1  mm 731 562
1  mm 730 558
1  mm 728 555
1  mm 727 554
1  mm 727 552
1  mm 727 551
2  mm 727 549 mm 727 548
0  
1  mm 727 547
1  mm 727 545
1  mm 727 544
1  mm 725 542
1  mm 724 539
1  mm 723 537
1  mm 723 534
1  mm 721 531
1  mm 721 530
1  mm 718 528
1  mm 717 527
1  mm 715 525
2 T 1523744701.042000 mm 713 521
1  mm 711 518
1  mm 708 517
1  mm 707 512
1  mm 706 511
1  mm 704 510
1  mm 704 507
1  mm 704 505
1  mm 704 501
1  mm 704 500
1  mm 704 497
1  mm 704 494
1  mm 704 493
1  mm 704 491
1  mm 704 488
1  mm 705 487
1  mm 705 483
1  mm 705 480
0  
1  mm 705 478
1  mm 705 477
1  mm 705 475
1  mm 705 473
1  mm 705 471
0  
0  
1  mm 706 471
1  mm 707 470
1  mm 712 467
1  mm 713 464
1  mm 716 464
1  mm 719 461
1  mm 720 460
1  mm 722 458
1  mm 723 458
1  mm 724 458
0  
0  
0  
0  
0  
1  mm 724 459
1  mm 724 460
1  mm 724 462
1  mm 724 463
1  mm 724 465
1  mm 724 466
1  mm 724 467
1  mm 726 469
1  mm 726 470
1  mm 726 472
1  mm 726 473
1  mm 726 474
1  mm 726 476
1  mm 726 477
0  
1  mm 725 477
1  mm 724 477
1  mm 721 477
1  mm 720 477
1  mm 715 477
1  mm 709 477
1  mm 708 477
1  mm 705 477
1  mm 702 477
1  mm 701 477
0  
1  mm 699 477
0  
0  
0  
1  mm 698 477
1  mm 697 477
0  
1  mm 695 475
1  mm 692 474
1  mm 690 473
1  mm 688 471
1  mm 687 470
1  mm 685 468
1  mm 684 468
0  
0  
0  
0  
0  
1  mm 686 468
1  mm 687 468
0  
1  mm 690 469
1  mm 691 469
0  
1  mm 694 469
1  mm 696 469
0  
1  mm 697 470
1  mm 697 472
1  mm 698 472
1  mm 700 472
1  mm 700 473
1 T 1523744702.642000 
0  
0  
0  
0  
0  
0  
0  
0  
0  
0  
0  
0  
0  
0  
0  
0  
0  
0  
0  
0  
1  mb 1 1 700 473
0  
0  
0  
0  
0  
0  
0  
0  
0  
0  
0  
0  
1  mb 1 0 700 473
0  
0  
0  
0  
0  
0  
0  
0  
0  
0  
0  
0  
0  
0  
1  mm 708 473
1  mm 719 473
1  mm 725 473
1  mm 731 473
1  mm 734 474
1  mm 738 476
0  
1  mm 740 477
1  mm 743 477
1  mm 743 478
0  
0  
0  
0  
0  
0  
0  
0  
0  
0  
0  
0  
0  
0  
0  
0  
0  
0  
0  
0  
0  
0  
0  
0  
0  
0  
0  
0  
0  
0  
0  
0  
0  
0  
0  
0  
0  
0  
0  
0  
0  
1 T 1523744704.241000 
0  
0  
0  
0  
0  
0  
0  
0  
0  
1  sd 100 743 478
0  
0  
0  
1  su 100 743 478
0  
0  
0  
0  
0  
0  
0  
0  
0  
0  
0  
0  
0  
0  
0  
0  
0  
0  
0  
0  
1  kd 8 743 478
0  
0  
0  
1  ku 8 743 478
0  
0  
0  
0  
0  
0  
0  
0  
0  
0  
0  
0  
0  
0  
0  
0  
0  
0  
0  
0  
0  
0  
0  
0  
0  
0  
0  
0  
0  
0  
0  
0  
0  
0  
0  
0  
0  
0  
0  
0  
0  
0  
0  
1  kd 48 743 478
0  
0  
0  
1  ku 48 743 478
0  
0  
0  
0  
0  
0  
0  
0  
0  
0  
0  
0  
1 T 1523744705.841000 
0  
0  
0  
0  
0  
0  
0  
0  
0  
0  
0  
0  
0  
0  
0  
0  
0  
0  
0  
0  
0  
0  
0  
0  
0  
0  
0  
0  
0  
0  
0  
0  
0  
1  mm 792 488
1  mm 1068 559
1  mm 1112 589
1  mm 1165 608
1  mm 1267 639
1  mm 1287 651
1  mm 1294 658
1  mm 1296 661
1  mm 1296 662
1  mm 1296 663
0  
0  
0  
0  
0  
0  
0  
0  
0  
0  
0  
0  
0  
0  
0  
0  
0  
1  mm 1295 668
1  mm 1285 688
1  mm 1282 696
1  mm 1276 708
1  mm 1271 720
1  mm 1267 729
1  mm 1264 741
1  mm 1260 752
1  mm 1257 763
1  mm 1253 781
1  mm 1249 795
1  mm 1247 805
1  mm 1244 817
1  mm 1242 820
1  mm 1241 825
1  mm 1241 828
1  mm 1241 829
1  mm 1241 830
0  
0  
1  mm 1241 829
1  mm 1241 827
1  mm 1241 826
1  mm 1243 824
1  mm 1244 823
1  mm 1246 820
1  mm 1247 819
1  mm 1248 816
1  mm 1250 814
1  mm 1251 813
1  mm 1253 812
1  mm 1254 810
1  mm 1255 809
1  mm 1257 807
0  
0  
1  mm 1257 806
1  mm 1257 804
0  
1 T 1523744707.441000 
0  
0  
0  
0  
0  
0  
0  
0  
0  
0  
0  
0  
0  
0  
0  
0  
0  
0  
0  
0  
0  
0  
0  
0  
0  
0  
0  
0  
0  
0  
0  
0  
0  
0  
0  
0  
0  
0  
0  
0  
0  
0  
0  
0  
0  
0  
0  
0  
0  
0  
0  
0  
0  
0  
0  
0  
0  
0  
0  
0  
0  
0  
0  
0  
0  
0  
0  
0  
0  
0  
0  
0  
1  mb 1 1 1257 804
0  
0  
0  
0  
0  
0  
0  
0  
0  
0  
0  
0  
0  
1  mb 1 0 1257 804
0  
0  
0  
0  
0  
0  
0  
0  
0  
0  
0  
0  
1 T 1523744709.044000 
0  
0  
0  
0  
0  
0  
0  
0  
0  
0  
0  
0  
0  
0  
0  
0  
0  
0  
0  
0  
0  
0  
0  
0  
0  
0  
0  
0  
0  
0  
1  mm 1259 800
1  mm 1269 783
1  mm 1282 755
1  mm 1290 741
1  mm 1293 732
1  mm 1300 720
1  mm 1306 711
1  mm 1315 698
1  mm 1318 691
1  mm 1323 684
1  mm 1335 665
1  mm 1343 652
1  mm 1353 627
1  mm 1358 618
1  mm 1360 612
1  mm 1362 606
1  mm 1363 601
1  mm 1364 600
1  mm 1366 595
1  mm 1367 594
1  mm 1369 593
1  mm 1370 591
1  mm 1370 590
1  mm 1370 588
1  mm 1372 585
1  mm 1374 580
1  mm 1374 575
1  mm 1376 569
1  mm 1377 563
1  mm 1379 560
1  mm 1382 556
1  mm 1382 553
1  mm 1382 552
1  mm 1382 549
1  mm 1382 546
1  mm 1382 543
1  mm 1382 540
1  mm 1382 537
0  
1  mm 1382 535
1  mm 1382 533
0  
1  mm 1382 532
0  
0  
0  
0  
0  
0  
0  
0  
0  
0  
0  
0  
0  
0  
0  
0  
0  
0  
0  
0  
0  
0  
0  
0  
0  
0  
1 T 1523744710.643000 
0  
1  mm 1382 527
1  mm 1382 512
1  mm 1382 497
1  mm 1382 481
1  mm 1382 475
1  mm 1382 472
1  mm 1382 467
1  mm 1382 464
1  mm 1382 462
0  
1  mm 1382 460
1  mm 1382 459
0  
1  mm 1381 459
0  
0  
0  
0  
0  
0  
0  
0  
0  
0  
1  mb 1 1 1381 459
0  
0  
0  
0  
0  
0  
0  
0  
0  
0  
0  
0  
0  
1  mb 1 0 1381 459
0  
0  
0  
0  
0  
0  
0  
0  
0  
0  
0  
0  
0  
0  
0  
0  
0  
0  
0  
0  
0  
0  
0  
1  mm 1363 467
1  mm 1305 496
1  mm 1256 511
1  mm 1192 516
1  mm 1121 512
1  mm 1047 496
1  mm 980 487
1  mm 938 475
1  mm 919 465
1  mm 910 461
1  mm 893 448
1  mm 886 443
1  mm 875 434
1  mm 873 433
1  mm 868 430
1  mm 865 427
1  mm 862 424
1  mm 859 423
1  mm 857 422
1  mm 855 422
1  mm 852 422
1  mm 848 422
1  mm 845 422
1  mm 835 427
1  mm 830 429
1  mm 826 432
1  mm 818 435
1  mm 813 440
1  mm 806 450
1  mm 803 455
1  mm 798 459
1  mm 792 464
1  mm 788 467
1  mm 779 474
1  mm 772 479
1  mm 763 482
2 T 1523744712.244000 mm 747 490
1  mm 736 494
1  mm 727 495
1  mm 719 499
1  mm 715 499
1  mm 710 500
1  mm 707 500
1  mm 705 500
1  mm 703 500
1  mm 702 500
1  mm 700 500
1  mm 700 498
1  mm 700 497
1  mm 702 491
1  mm 708 482
1  mm 713 473
2  mm 718 466 mm 720 463
1  mm 723 462
1  mm 724 460
1  mm 725 458
1  mm 727 456
1  mm 728 456
0  
1  mm 728 457
1  mm 726 458
1  mm 722 458
1  mm 721 459
1  mm 718 461
1  mm 715 462
1  mm 712 462
1  mm 708 464
1  mm 706 464
1  mm 705 465
1  mm 704 466
1  mm 702 466
1  mm 701 466
1  mm 699 466
0  
0  
0  
0  
0  
0  
0  
0  
0  
0  
0  
0  
0  
0  
0  
0  
0  
0  
0  
0  
0  
0  
0  
0  
0  
0  
1  mm 699 468
1  mm 699 469
1  mm 699 471
1  mm 698 472
0  
1  mm 698 474
1  mm 698 475
0  
0  
1  mm 698 476
1  mm 698 478
0  
0  
0  
0  
0  
0  
0  
0  
0  
0  
0  
0  
0  
0  
0  
0  
0  
0  
0  
0  
0  
0  
0  
0  
1  mb 1 1 698 478
0  
1 T 1523744713.843000 
0  
0  
0  
0  
0  
0  
0  
0  
0  
0  
1  mb 1 0 698 478
0  
0  
0  
0  
0  
0  
0  
0  
0  
0  
0  
0  
0  
0  
0  
0  
0  
0  
0  
0  
0  
0  
0  
0  
0  
0  
0  
0  
0  
0  
0  
0  
0  
0  
0  
0  
0  
0  
0  
0  
1  kd 8 698 478
0  
0  
0  
0  
1  ku 8 698 478
0  
0  
0  
0  
0  
0  
0  
0  
0  
0  
0  
0  
0  
0  
0  
0  
0  
0  
0  
0  
0  
0  
0  
0  
0  
0  
0  
0  
0  
0  
0  
0  
0  
0  
0  
0  
1  kd 48 698 478
0  
0  
0  
1  ku 48 698 478
0  
1 T 1523744715.445000 
0  
0  
0  
0  
0  
0  
0  
0  
0  
0  
0  
0  
0  
0  
0  
0  
0  
0  
0  
0  
0  
0  
0  
0  
0  
0  
0  
0  
0  
0  
0  
0  
0  
0  
0  
0  
1  mm 777 530
1  mm 851 568
1  mm 900 593
1  mm 1008 629
1  mm 1053 642
1  mm 1099 663
1  mm 1159 689
1  mm 1176 702
1  mm 1192 719
1  mm 1199 727
1  mm 1202 731
1  mm 1202 734
0  
0  
0  
0  
0  
0  
0  
0  
0  
0  
0  
0  
0  
0  
0  
0  
0  
1  mm 1205 736
1  mm 1216 743
1  mm 1227 750
1  mm 1231 753
1  mm 1234 756
1  mm 1238 759
1  mm 1240 760
1  mm 1241 760
1  mm 1242 763
1  mm 1244 763
1  mm 1245 766
1  mm 1247 767
1  mm 1248 770
1  mm 1250 773
1  mm 1251 776
1  mm 1252 778
1  mm 1254 781
1  mm 1255 784
1  mm 1257 787
1  mm 1258 790
1  mm 1258 791
1  mm 1258 793
1  mm 1258 794
1  mm 1258 796
0  
0  
0  
1  mm 1260 797
0  
0  
0  
0  
0  
0  
1 T 1523744717.046000 
0  
0  
0  
0  
0  
0  
0  
0  
0  
0  
0  
0  
1  mb 1 1 1260 797
0  
0  
0  
0  
0  
0  
0  
0  
0  
0  
0  
0  
1  mb 1 0 1260 797
0  
0  
0  
0  
0  
0  
0  
0  
0  
0  
0  
0  
0  
0  
0  
0  
0  
0  
0  
0  
0  
0  
1  mm 1248 780
1  mm 1196 709
1  mm 1182 685
1  mm 1173 669
1  mm 1166 648
1  mm 1160 632
1  mm 1156 616
1  mm 1145 586
1  mm 1139 567
1  mm 1118 507
1  mm 1108 482
1  mm 1104 468
1  mm 1101 458
1  mm 1099 456
1  mm 1099 454
1  mm 1098 452
1  mm 1098 451
1  mm 1098 449
1  mm 1098 448
0  
0  
0  
0  
0  
0  
0  
0  
0  
0  
0  
0  
0  
0  
0  
1  mm 1100 446
1  mm 1112 439
1  mm 1121 437
1  mm 1137 431
1  mm 1169 425
1  mm 1190 423
1  mm 1203 421
1  mm 1216 419
1  mm 1219 419
1  mm 1223 419
1  mm 1226 419
1  mm 1227 419
1  mm 1229 419
1  mm 1230 419
1  mm 1231 419
1  mm 1233 419
1  mm 1234 418
1 T 1523744718.645000 
1  mm 1236 416
1  mm 1237 416
1  mm 1240 416
1  mm 1246 417
1  mm 1260 423
1  mm 1292 443
1  mm 1313 462
1  mm 1326 480
1  mm 1337 497
1  mm 1341 504
1  mm 1342 508
1  mm 1344 513
1  mm 1345 514
1  mm 1345 517
1  mm 1346 518
1  mm 1346 520
1  mm 1348 521
0  
0  
1  mm 1351 521
1  mm 1352 519
1  mm 1356 507
1  mm 1359 494
1  mm 1362 470
1  mm 1368 437
1  mm 1370 424
1  mm 1370 420
1  mm 1370 414
1  mm 1370 412
1  mm 1370 408
1  mm 1370 402
1  mm 1370 398
1  mm 1370 395
1  mm 1370 391
1  mm 1370 388
1  mm 1370 385
0  
1  mm 1370 383
1  mm 1370 381
0  
1  mm 1370 379
1  mm 1370 376
1  mm 1370 375
1  mm 1370 369
1  mm 1370 365
1  mm 1369 358
1  mm 1368 350
1  mm 1368 346
1  mm 1368 343
1  mm 1368 340
0  
1  mm 1368 338
1  mm 1365 336
0  
0  
0  
0  
0  
0  
0  
0  
0  
0  
0  
0  
0  
0  
1  mb 1 1 1365 336
0  
0  
0  
0  
0  
0  
0  
0  
0  
0  
0  
0  
1  mb 1 0 1365 336
0  
0  
0  
0  
0  
0  
0  
0  
0  
0  
0  
0  
0  
0  
0  
0  
0  
0  
1 T 1523744720.246000 
0  
0  
0  
0  
0  
0  
0  
0  
0  
0  
0  
0  
0  
0  
0  
1  mm 1365 354
1  mm 1365 367
1  mm 1365 378
1  mm 1365 390
1  mm 1365 396
1  mm 1365 400
1  mm 1365 405
1  mm 1365 409
1  mm 1365 413
1  mm 1365 418
1  mm 1365 424
1  mm 1365 427
1  mm 1365 431
1  mm 1365 435
1  mm 1365 438
1  mm 1365 440
1  mm 1365 444
1  mm 1365 447
1  mm 1365 451
1  mm 1365 452
1  mm 1365 455
1  mm 1365 457
1  mm 1365 458
1  mm 1365 459
0  
0  
0  
0  
0  
0  
0  
0  
0  
0  
0  
0  
1  mb 1 1 1365 459
0  
0  
0  
0  
0  
0  
0  
0  
0  
0  
0  
0  
1  mb 1 0 1365 459
0  
0  
0  
0  
0  
0  
0  
0  
0  
0  
0  
0  
0  
1  mm 1362 464
1  mm 1350 486
1  mm 1340 500
1  mm 1327 517
1  mm 1317 526
1  mm 1310 533
1  mm 1304 540
1  mm 1301 542
1  mm 1296 545
1  mm 1291 548
1  mm 1289 551
1  mm 1285 555
1  mm 1283 555
1  mm 1282 557
1  mm 1279 560
1  mm 1278 560
1  mm 1273 563
1  mm 1271 564
1  mm 1264 564
1  mm 1248 564
1  mm 1235 563
2 T 1523744721.848000 mm 1226 563
1  mm 1223 563
1  mm 1218 563
1  mm 1215 563
1  mm 1213 562
1  mm 1211 562
0  
0  
0  
0  
0  
0  
0  
0  
0  
0  
0  
0  
1  mb 1 1 1211 562
0  
0  
0  
0  
0  
0  
0  
0  
0  
0  
0  
0  
1  mb 1 0 1211 562
1 af 9 
1 af 10 
2 af 11 af 14 
3 af 12 af 16 af 19 
2 af 13 af 18 
3 af 15 af 21 af 24 
3 af 17 af 23 af 27 
3 af 20 af 26 af 30 
3 af 22 af 29 af 33 
2 af 25 af 32 
1 af 28 
1 af 31 
1 af 34 
0  
0  
0  
0  
0  
0  
0  
0  
0  
0  
0  
0  
0  
0  
0  
0  
0  
0  
0  
0  
0  
0  
0  
1  mm 1208 562
1  mm 1207 562
1  mm 1204 562
1  mm 1203 562
0  
1  mm 1201 562
0  
0  
0  
0  
0  
0  
0  
0  
0  
0  
0  
0  
1  mm 1225 521
1  mm 1230 510
1  mm 1235 504
1  mm 1235 501
1  mm 1236 498
1  mm 1238 497
1  mm 1239 495
1  mm 1241 494
1  mm 1244 492
1  mm 1245 491
1  mm 1248 487
1  mm 1251 485
1  mm 1254 482
1  mm 1257 476
2 T 1523744723.447000 mm 1262 467
1  mm 1271 453
1  mm 1278 444
1  mm 1284 437
1  mm 1290 430
1  mm 1293 427
1  mm 1296 423
1  mm 1299 418
1  mm 1302 416
1  mm 1305 413
1  mm 1306 410
1  mm 1309 407
1  mm 1312 406
1  mm 1315 401
1  mm 1317 398
1  mm 1320 396
1  mm 1323 391
1  mm 1326 388
1  mm 1331 382
1  mm 1334 379
1  mm 1337 375
1  mm 1341 374
1  mm 1344 371
1  mm 1348 366
0  
1  mm 1350 365
1  mm 1352 364
1  mm 1352 362
0  
0  
0  
0  
0  
0  
0  
0  
0  
0  
0  
0  
0  
0  
0  
0  
0  
0  
0  
0  
0  
0  
0  
0  
0  
0  
0  
0  
0  
0  
0  
0  
0  
0  
0  
0  
0  
0  
0  
0  
0  
0  
0  
0  
0  
0  
0  
1  mm 1352 363
1  mm 1352 365
1  mm 1351 368
1  mm 1348 374
1  mm 1346 376
1  mm 1345 380
1  mm 1343 381
1  mm 1342 383
1  mm 1341 384
1  mm 1339 386
1  mm 1338 387
1  mm 1338 388
0  
0  
0  
0  
0  
0  
0  
0  
0  
0  
0  
0  
0  
1 T 1523744725.047000 
0  
0  
0  
0  
0  
0  
0  
0  
0  
0  
0  
0  
0  
0  
0  
0  
0  
0  
1  mm 1348 376
1  mm 1367 355
1  mm 1372 348
1  mm 1375 346
1  mm 1376 343
1  mm 1378 341
1  mm 1378 340
1  mm 1378 338
1  mm 1378 337
1  mm 1379 336
0  
0  
0  
0  
0  
0  
0  
0  
0  
0  
0  
0  
0  
0  
0  
1  mb 1 1 1379 336
0  
0  
0  
0  
0  
0  
0  
0  
0  
0  
0  
0  
0  
1  mb 1 0 1379 336
0  
0  
0  
0  
0  
0  
0  
0  
0  
0  
0  
0  
0  
0  
0  
0  
0  
0  
0  
0  
0  
0  
0  
0  
0  
0  
0  
0  
0  
0  
0  
0  
0  
0  
0  
0  
0  
0  
0  
0  
0  
1 T 1523744726.648000 
0  
0  
0  
0  
0  
0  
0  
0  
0  
0  
0  
0  
0  
0  
0  
0  
0  
0  
1  kd 102 1379 336
1 af 35 
2 af 36 af 39 
2 af 37 af 41 
2 af 38 af 43 
2 af 40 af 45 
1 af 42 
2 af 44 ku 102 1379 336
1  kd 108 1379 336
1 af 46 
1 af 47 
1 af 48 
1 af 49 
0  
0  
0  
2  ku 108 1379 336 kd 97 1379 336
0  
0  
0  
0  
0  
0  
1  ku 97 1379 336
1  kd 116 1379 336
1 af 50 
1 af 51 
1 af 52 
0  
0  
1  ku 116 1379 336
0  
0  
0  
0  
0  
0  
0  
0  
0  
0  
0  
0  
0  
1  kd 98 1379 336
1 af 53 
1 af 54 
0  
0  
1  ku 98 1379 336
0  
0  
0  
0  
0  
0  
0  
0  
0  
0  
0  
0  
0  
0  
0  
0  
0  
0  
0  
0  
0  
0  
0  
0  
0  
0  
0  
0  
0  
0  
0  
1 T 1523744728.248000 
0  
0  
0  
0  
0  
0  
0  
0  
0  
0  
0  
0  
0  
0  
0  
1  mm 1379 337
1  mm 1379 342
1  mm 1379 353
1  mm 1408 450
1  mm 1430 511
1  mm 1443 553
1  mm 1449 573
1  mm 1449 575
1  mm 1449 578
0  
0  
0  
0  
0  
0  
0  
0  
1  mm 1449 576
1  mm 1449 575
1  mm 1448 574
1  mm 1447 571
1  mm 1444 568
1  mm 1439 563
1  mm 1434 554
1  mm 1423 543
1  mm 1420 540
1  mm 1414 534
1  mm 1411 530
1  mm 1408 527
1  mm 1402 521
1  mm 1399 516
1  mm 1396 514
1  mm 1393 510
1  mm 1392 507
1  mm 1390 506
1  mm 1389 502
1  mm 1389 500
1  mm 1387 499
1  mm 1387 497
0  
1  mm 1387 496
1  mm 1386 495
0  
0  
0  
0  
0  
0  
0  
0  
0  
0  
0  
0  
1  mb 1 1 1386 495
0  
0  
0  
0  
0  
0  
0  
0  
0  
0  
0  
0  
1  mb 1 0 1386 495
1 af 55 
2 af 55 af 56 
0  
0  
0  
0  
0  
0  
0  
0  
0  
0  
0  
0  
0  
0  
1 T 1523744729.848000 
0  
0  
0  
0  
0  
0  
0  
0  
0  
0  
0  
0  
0  
0  
0  
1  mm 1362 505
1  mm 1343 514
1  mm 1322 527
1  mm 1300 542
1  mm 1289 549
1  mm 1280 557
1  mm 1267 570
1  mm 1259 579
1  mm 1255 583
1  mm 1252 589
1  mm 1249 592
1  mm 1247 595
1  mm 1246 596
1  mm 1245 598
1  mm 1243 599
1  mm 1242 601
1  mm 1240 601
0  
0  
1  mm 1240 600
1  mm 1240 599
1  mm 1240 597
1  mm 1240 596
1  mm 1240 595
1  mm 1240 593
1  mm 1240 590
1  mm 1240 587
1  mm 1240 585
1  mm 1240 580
1  mm 1240 576
1  mm 1240 573
1  mm 1240 569
0  
1  mm 1240 567
1  mm 1240 565
0  
0  
0  
0  
0  
0  
0  
0  
0  
1  mb 1 1 1240 565
0  
0  
0  
0  
0  
0  
0  
0  
0  
0  
0  
0  
1  mb 1 0 1240 565
1 af 57 
2 af 58 af 61 
1 af 59 
1 af 60 
1 af 62 
0  
0  
0  
0  
0  
0  
0  
0  
0  
1  mm 1196 557
1  mm 1181 555
1  mm 1163 551
1  mm 1131 547
1  mm 1118 547
1  mm 1106 546
1  mm 1099 544
1  mm 1087 542
1  mm 1072 540
1  mm 1051 538
1  mm 1015 531
1  mm 1002 531
3 T 1523744731.448000 T 1523744731.449000 mm 996 531
1  mm 990 531
1  mm 988 531
1  mm 985 531
1  mm 983 531
1  mm 981 531
1  mm 977 532
1  mm 974 532
1  mm 973 532
1  mm 968 532
1  mm 966 532
1  mm 964 531
1  mm 961 530
1  mm 961 527
1  mm 958 526
1  mm 957 524
1  mm 957 523
1  mm 956 521
1  mm 956 520
1  mm 956 519
1  mm 956 517
1  mm 956 516
1  mm 956 514
0  
0  
0  
0  
1  mm 956 513
1  mm 956 512
0  
0  
0  
0  
0  
0  
0  
0  
0  
0  
0  
0  
0  
0  
1  mb 1 1 956 512
0  
0  
0  
0  
0  
0  
0  
0  
0  
0  
0  
0  
0  
0  
0  
0  
0  
0  
0  
0  
0  
0  
1  md 956 510
0  
1  md 957 510
0  
1  md 957 509
0  
1  md 959 509
0  
1  md 960 507
0  
1  md 962 507
0  
0  
0  
1  md 963 507
0  
1  md 965 507
0  
1  md 966 507
0  
0  
0  
0  
0  
0  
1  md 967 507
0  
0  
0  
0  
0  
0  
0  
0  
1 T 1523744733.047000 
0  
0  
0  
0  
0  
0  
0  
0  
0  
0  
0  
0  
0  
0  
0  
0  
0  
0  
0  
0  
0  
0  
0  
0  
0  
0  
0  
0  
0  
0  
0  
0  
0  
0  
0  
0  
0  
0  
0  
0  
0  
0  
0  
0  
0  
0  
0  
1  md 969 507
1  md 969 504
1  md 969 503
0  
0  
0  
0  
0  
0  
0  
0  
0  
0  
0  
0  
0  
0  
0  
0  
0  
0  
0  
0  
0  
0  
0  
1  mb 1 0 969 503
0  
0  
0  
0  
0  
0  
0  
0  
0  
0  
0  
0  
0  
0  
0  
0  
0  
0  
0  
0  
0  
0  
0  
0  
0  
1 T 1523744734.648000 
0  
0  
0  
0  
0  
1  mm 969 505
1  mm 972 512
1  mm 977 522
1  mm 979 529
1  mm 979 535
1  mm 979 541
1  mm 979 546
1  mm 979 549
1  mm 979 551
1  mm 979 553
1  mm 979 554
1  mm 979 556
1  mm 979 557
1  mm 979 559
0  
0  
0  
0  
0  
0  
0  
0  
0  
0  
0  
0  
0  
0  
0  
0  
0  
0  
0  
0  
0  
0  
0  
0  
0  
0  
0  
0  
0  
0  
0  
0  
0  
0  
0  
0  
0  
0  
0  
0  
0  
0  
0  
0  
0  
0  
0  
0  
0  
0  
0  
0  
0  
0  
0  
0  
0  
0  
0  
0  
0  
0  
0  
0  
0  
0  
0  
0  
0  
0  
0  
0  
0  
0  
0  
0  
0  
0  
0  
0  
1 T 1523744736.247000 
0  
0  
0  
0  
0  
0  
0  
0  
0  
0  
0  
0  
0  
0  
0  
0  
0  
0  
0  
0  
0  
0  
0  
0  
0  
0  
0  
0  
0  
0  
0  
0  
0  
0  
0  
0  
0  
0  
0  
0  
0  
0  
0  
0  
0  
0  
0  
0  
0  
0  
0  
0  
0  
0  
0  
0  
0  
0  
0  
0  
0  
0  
0  
0  
0  
0  
0  
0  
0  
0  
0  
0  
0  
0  
0  
0  
0  
0  
0  
0  
0  
0  
0  
0  
0  
0  
0  
0  
0  
0  
0  
0  
0  
0  
0  
0  
0  
0  
0  
1 T 1523744737.848000 
0  
0  
0  
0  
0  
0  
0  
0  
0  
0  
0  
0  
0  
0  
0  
0  
0  
0  
0  
0  
0  
0  
0  
0  
0  
0  
0  
0  
0  
0  
0  
0  
0  
0  
0  
0  
0  
0  
0  
0  
0  
0  
0  
0  
0  
0  
0  
0  
0  
0  
0  
0  
0  
0  
0  
0  
0  
0  
0  
0  
0  
0  
0  
0  
0  
0  
0  
0  
0  
0  
0  
0  
0  
0  
0  
0  
0  
0  
0  
0  
0  
0  
0  
0  
0  
0  
0  
0  
1  mm 979 562
1  mm 976 580
1  mm 973 591
1  mm 971 598
1  mm 970 605
1  mm 968 610
1  mm 967 616
1  mm 965 620
1  mm 964 623
1  mm 964 629
1  mm 964 633
2 T 1523744739.449000 mm 964 636
1  mm 964 642
1  mm 966 645
1  mm 976 655
1  mm 999 664
1  mm 1024 674
1  mm 1070 683
1  mm 1098 688
1  mm 1129 693
1  mm 1155 697
1  mm 1166 700
1  mm 1172 703
1  mm 1175 705
1  mm 1176 706
1  mm 1179 708
1  mm 1179 709
1  mm 1181 710
1  mm 1183 713
1  mm 1183 716
1  mm 1186 721
1  mm 1186 723
1  mm 1188 728
1  mm 1192 734
1  mm 1194 737
1  mm 1198 741
1  mm 1213 749
1  mm 1227 756
1  mm 1241 762
1  mm 1246 765
1  mm 1249 766
1  mm 1253 768
1  mm 1254 769
1  mm 1256 771
1  mm 1257 772
1  mm 1259 772
1  mm 1260 772
1  mm 1260 773
1  mm 1260 775
1  mm 1261 776
1  mm 1261 778
1  mm 1263 779
1  mm 1263 781
1  mm 1263 783
0  
1  mm 1263 786
1  mm 1266 786
0  
1  mm 1267 788
0  
0  
0  
0  
0  
0  
0  
0  
0  
0  
0  
0  
0  
0  
0  
0  
0  
0  
0  
0  
0  
0  
1  mb 1 1 1267 788
0  
0  
0  
0  
0  
0  
0  
0  
0  
0  
0  
0  
0  
1  mb 1 0 1267 788
0  
0  
0  
0  
0  
0  
0  
0  
0  
0  
0  
0  
0  
0  
0  
1 T 1523744741.048000 
0  
0  
0  
0  
0  
0  
0  
1  mm 1271 774
1  mm 1287 725
1  mm 1329 591
1  mm 1342 543
1  mm 1351 520
1  mm 1366 480
1  mm 1374 460
1  mm 1382 446
1  mm 1387 437
1  mm 1390 434
1  mm 1391 429
1  mm 1393 427
1  mm 1397 422
1  mm 1399 421
1  mm 1401 418
1  mm 1406 414
1  mm 1406 412
1  mm 1409 411
1  mm 1410 411
1  mm 1411 411
0  
1  mm 1413 411
1  mm 1413 413
0  
0  
0  
0  
1  mm 1413 416
1  mm 1412 422
1  mm 1411 432
1  mm 1405 443
1  mm 1398 462
1  mm 1394 471
1  mm 1391 475
1  mm 1390 478
1  mm 1388 478
0  
0  
0  
0  
0  
0  
0  
0  
0  
0  
0  
0  
1  mb 1 1 1388 478
0  
0  
0  
0  
0  
0  
0  
0  
0  
0  
0  
0  
0  
1  mb 1 0 1388 478
0  
0  
0  
0  
0  
0  
0  
0  
0  
0  
0  
0  
0  
0  
0  
0  
0  
0  
0  
0  
1  mm 1362 499
1  mm 1308 542
1  mm 1250 579
1  mm 1230 590
1  mm 1217 597
1  mm 1215 600
1  mm 1212 600
1  mm 1210 602
1  mm 1209 602
1 T 1523744742.649000 
0  
0  
0  
0  
0  
0  
0  
0  
0  
0  
0  
0  
0  
0  
1  mm 1209 601
1  mm 1211 598
1  mm 1211 596
1  mm 1212 596
1  mm 1212 594
1  mm 1214 594
2  mm 1214 592 mm 1214 591
0  
1  mm 1214 589
1  mm 1214 588
1  mm 1215 586
1  mm 1216 585
1  mm 1218 584
1  mm 1219 582
0  
0  
0  
0  
0  
0  
0  
0  
0  
0  
0  
0  
1  mb 1 1 1219 582
0  
0  
0  
0  
0  
0  
0  
0  
0  
0  
0  
0  
1  mb 1 0 1219 582
2 af 63 af 66 
2 af 64 af 68 
1 af 65 
1 af 67 
0  
0  
0  
0  
0  
0  
0  
0  
0  
0  
0  
0  
0  
1  mm 1182 586
1  mm 1102 588
1  mm 1068 584
1  mm 1040 582
1  mm 1024 580
1  mm 1020 579
1  mm 1016 579
1  mm 1012 579
1  mm 1011 577
1  mm 1009 576
1  mm 1008 576
1  mm 1006 576
1  mm 1005 576
1  mm 1004 576
1  mm 1002 575
1  mm 1001 575
1  mm 999 573
1  mm 998 570
1  mm 995 570
1  mm 992 569
1  mm 991 566
1  mm 989 565
1  mm 987 562
1  mm 985 559
1  mm 985 557
1  mm 982 553
1  mm 982 552
1  mm 979 549
2 T 1523744744.250000 mm 978 546
1  mm 978 545
1  mm 975 540
1  mm 974 539
0  
1  mm 971 536
0  
1  mm 971 535
0  
0  
0  
0  
1  mm 971 533
0  
1  mm 971 532
0  
1  mm 971 529
0  
1  mm 971 528
1  mm 971 526
0  
1  mm 971 525
0  
1  mm 971 523
1  mm 971 520
0  
0  
0  
0  
0  
1  mm 971 519
0  
0  
1  mm 969 519
1  mm 968 519
0  
0  
0  
0  
0  
0  
0  
0  
0  
0  
0  
1  mb 1 1 968 519
0  
0  
0  
0  
0  
0  
0  
0  
0  
0  
0  
0  
0  
0  
0  
0  
0  
0  
0  
0  
0  
0  
1  md 968 518
1  md 970 516
1  md 971 515
1  md 973 513
1  md 974 512
1  md 976 511
0  
1  md 977 509
1  md 978 509
0  
0  
0  
0  
0  
0  
0  
0  
0  
0  
0  
0  
0  
0  
0  
0  
0  
0  
0  
0  
0  
0  
1 T 1523744745.849000 
0  
0  
0  
0  
1  mb 1 0 978 509
0  
0  
0  
0  
0  
0  
0  
0  
0  
0  
0  
0  
0  
0  
0  
0  
0  
0  
0  
0  
0  
0  
1  mm 1032 504
1  mm 1101 504
1  mm 1158 501
1  mm 1194 502
1  mm 1202 502
1  mm 1216 506
1  mm 1227 508
1  mm 1243 511
1  mm 1257 513
1  mm 1263 517
1  mm 1268 520
1  mm 1275 529
1  mm 1278 542
1  mm 1278 558
1  mm 1277 574
1  mm 1271 598
1  mm 1257 632
1  mm 1251 651
1  mm 1245 668
1  mm 1244 674
1  mm 1244 681
1  mm 1241 685
1  mm 1241 689
1  mm 1241 692
1  mm 1241 698
1  mm 1241 702
1  mm 1241 708
1  mm 1241 710
1  mm 1241 713
1  mm 1241 715
1  mm 1241 717
1  mm 1241 718
1  mm 1241 720
1  mm 1241 721
1  mm 1241 723
1  mm 1241 724
0  
1  mm 1241 727
1  mm 1241 730
1  mm 1243 734
1  mm 1245 737
1  mm 1247 741
1  mm 1251 747
1  mm 1254 750
1  mm 1256 753
1  mm 1257 756
1  mm 1258 759
1  mm 1260 761
1  mm 1261 766
1  mm 1261 770
1  mm 1261 773
1  mm 1261 776
1  mm 1261 779
0  
1  mm 1261 781
1  mm 1261 783
1  mm 1261 784
1  mm 1261 786
1  mm 1261 787
1  mm 1261 789
1  mm 1261 790
0  
1  mm 1259 790
0  
0  
0  
0  
0  
0  
0  
0  
0  
1 T 1523744747.450000 
0  
0  
0  
0  
0  
0  
0  
0  
0  
0  
0  
0  
0  
0  
0  
0  
0  
0  
0  
0  
0  
0  
0  
0  
0  
0  
0  
0  
0  
0  
0  
0  
0  
0  
0  
0  
0  
0  
0  
0  
0  
0  
0  
0  
0  
0  
0  
0  
0  
0  
0  
0  
1  mb 1 1 1259 790
0  
0  
0  
0  
0  
0  
0  
0  
0  
0  
0  
0  
0  
1  mb 1 0 1259 790
0  
0  
0  
0  
0  
0  
0  
0  
0  
0  
0  
0  
0  
0  
0  
0  
0  
0  
0  
0  
0  
0  
0  
1  mm 1262 777
1  mm 1271 737
1  mm 1279 702
1  mm 1289 654
1  mm 1293 635
1  mm 1296 624
1  mm 1300 610
1  mm 1302 605
1  mm 1305 599
2 T 1523744749.050000 mm 1305 595
1  mm 1308 590
1  mm 1311 582
1  mm 1314 575
1  mm 1317 571
1  mm 1318 563
1  mm 1321 560
1  mm 1323 555
1  mm 1324 550
1  mm 1326 547
1  mm 1330 539
1  mm 1332 535
1  mm 1333 529
1  mm 1335 526
1  mm 1336 523
1  mm 1338 522
1  mm 1339 520
1  mm 1339 519
1  mm 1339 517
1  mm 1339 516
0  
0  
0  
1  mm 1339 515
0  
0  
0  
0  
0  
0  
0  
0  
0  
0  
0  
0  
0  
0  
0  
0  
0  
0  
0  
0  
0  
0  
0  
0  
0  
0  
0  
0  
0  
0  
0  
0  
0  
0  
0  
0  
0  
0  
0  
0  
0  
0  
0  
0  
0  
0  
0  
0  
0  
1  mm 1339 516
0  
1  mm 1339 521
1  mm 1339 523
1  mm 1339 525
1  mm 1339 529
1  mm 1337 532
1  mm 1337 533
1  mm 1337 535
1  mm 1337 536
1  mm 1337 538
1  mm 1337 539
1  mm 1337 541
0  
0  
0  
0  
1  mm 1337 542
0  
0  
0  
0  
0  
0  
0  
1  mm 1337 543
0  
1 T 1523744750.650000 
0  
1  mm 1337 545
1  mm 1337 548
1  mm 1337 549
1  mm 1337 555
1  mm 1340 564
1  mm 1342 573
1  mm 1345 591
1  mm 1349 600
1  mm 1350 605
1  mm 1352 610
1  mm 1353 613
1  mm 1353 616
1  mm 1353 619
1  mm 1353 620
0  
1  mm 1353 623
0  
0  
1  mm 1355 626
0  
0  
0  
0  
0  
0  
0  
0  
0  
0  
0  
0  
0  
0  
0  
0  
0  
0  
0  
0  
0  
0  
0  
0  
0  
0  
0  
0  
0  
0  
0  
0  
0  
0  
0  
0  
0  
0  
0  
0  
0  
0  
0  
0  
0  
0  
0  
0  
0  
0  
0  
0  
0  
0  
0  
0  
0  
0  
0  
0  
0  
0  
0  
0  
0  
0  
0  
0  
0  
0  
0  
0  
0  
0  
0  
0  
0  
0  
0  
1 T 1523744752.249000 
0  
0  
0  
0  
0  
0  
0  
0  
0  
0  
0  
0  
0  
0  
0  
1  mm 1367 615
1  mm 1372 610
1  mm 1381 601
1  mm 1385 597
1  mm 1388 594
1  mm 1391 589
1  mm 1394 586
1  mm 1395 585
1  mm 1397 584
1  mm 1398 582
0  
0  
0  
0  
0  
0  
0  
0  
0  
0  
0  
0  
0  
0  
0  
0  
0  
0  
0  
0  
0  
0  
0  
0  
0  
0  
0  
0  
0  
0  
0  
0  
0  
0  
0  
0  
0  
0  
0  
0  
0  
0  
0  
1  mb 1 1 1398 582
0  
0  
0  
0  
0  
0  
0  
0  
0  
0  
0  
0  
1  mb 1 0 1398 582
0  
0  
0  
0  
0  
0  
0  
0  
0  
0  
0  
0  
0  
1  mm 1381 578
1  mm 1313 552
1  mm 1280 533
1  mm 1275 529
2 T 1523744753.849000 mm 1270 528
1  mm 1266 525
1  mm 1263 525
1  mm 1261 525
1  mm 1253 525
1  mm 1248 525
1  mm 1237 525
1  mm 1232 525
1  mm 1226 525
1  mm 1220 525
1  mm 1217 525
1  mm 1214 525
1  mm 1211 525
1  mm 1209 525
1  mm 1207 525
1  mm 1206 525
1  mm 1204 527
1  mm 1203 530
1  mm 1202 533
1  mm 1200 535
1  mm 1199 540
1  mm 1197 544
1  mm 1197 549
1  mm 1197 555
1  mm 1197 559
1  mm 1197 562
1  mm 1197 567
1  mm 1197 571
1  mm 1197 572
1  mm 1197 574
0  
0  
0  
0  
0  
0  
0  
0  
0  
0  
0  
1  mb 1 1 1197 574
0  
0  
0  
0  
0  
0  
0  
0  
0  
0  
0  
0  
1  mb 1 0 1197 574
2 af 69 af 72 
2 af 70 af 74 
1 af 71 
1 af 73 
0  
0  
0  
0  
0  
0  
0  
0  
0  
0  
0  
0  
0  
0  
0  
0  
0  
0  
0  
0  
0  
0  
0  
0  
0  
0  
0  
0  
0  
0  
0  
0  
0  
0  
0  
0  
0  
0  
0  
0  
0  
1 T 1523744755.452000 
0  
0  
0  
0  
0  
0  
0  
0  
0  
0  
0  
0  
0  
0  
0  
0  
0  
1  mm 1197 575
1  mm 1197 583
1  mm 1197 587
1  mm 1197 590
1  mm 1197 596
1  mm 1197 599
1  mm 1197 600
1  mm 1197 602
1  mm 1197 603
0  
0  
0  
0  
0  
0  
0  
0  
0  
0  
0  
0  
1  mb 1 1 1197 603
0  
0  
0  
0  
0  
0  
0  
0  
0  
0  
0  
0  
1  mb 1 0 1197 603
0  
0  
0  
0  
0  
0  
0  
0  
0  
0  
0  
0  
0  
0  
0  
0  
0  
0  
0  
0  
0  
0  
0  
0  
0  
0  
0  
0  
0  
0  
0  
0  
0  
0  
0  
0  
0  
0  
0  
0  
0  
0  
0  
0  
0  
0  
0  
1 T 1523744757.052000 
0  
0  
0  
0  
0  
0  
0  
0  
0  
0  
0  
1  mm 1197 590
1  mm 1197 575
1  mm 1195 552
1  mm 1193 541
1  mm 1192 534
1  mm 1190 527
1  mm 1189 523
1  mm 1187 513
1  mm 1186 506
1  mm 1184 502
1  mm 1181 494
1  mm 1179 485
1  mm 1172 471
1  mm 1166 455
1  mm 1158 444
1  mm 1149 429
1  mm 1140 420
1  mm 1129 407
1  mm 1118 401
1  mm 1109 394
1  mm 1092 387
1  mm 1083 383
1  mm 1069 379
1  mm 1062 378
1  mm 1058 376
1  mm 1048 373
0  
0  
0  
0  
0  
0  
0  
0  
0  
0  
0  
0  
0  
0  
0  
0  
0  
0  
0  
0  
0  
1  mm 999 379
1  mm 910 382
1  mm 799 382
1  mm 765 384
1  mm 754 384
1  mm 736 386
1  mm 719 386
1  mm 703 386
1  mm 681 386
1  mm 672 386
1  mm 658 388
1  mm 649 390
1  mm 640 390
1  mm 633 392
1  mm 628 393
1  mm 622 395
1  mm 618 398
1  mm 615 399
1  mm 611 400
1  mm 608 402
1  mm 606 403
1  mm 605 403
1  mm 603 403
1  mm 601 403
0  
1  mm 599 403
1  mm 595 403
0  
0  
0  
0  
0  
0  
0  
0  
0  
0  
0  
0  
0  
0  
1 T 1523744758.651000 
0  
0  
0  
0  
0  
0  
0  
0  
0  
0  
0  
0  
0  
0  
0  
0  
0  
0  
0  
0  
0  
0  
0  
0  
0  
0  
0  
0  
0  
0  
0  
0  
0  
0  
0  
0  
0  
0  
0  
0  
0  
0  
0  
0  
0  
0  
0  
0  
0  
0  
0  
0  
0  
0  
0  
0  
0  
0  
0  
0  
0  
0  
0  
0  
1  mm 603 403
1  mm 637 398
1  mm 715 384
1  mm 766 379
1  mm 798 379
1  mm 809 380
1  mm 839 382
1  mm 917 398
1  mm 942 402
1  mm 957 406
1  mm 963 409
1  mm 968 411
1  mm 972 412
1  mm 973 414
1  mm 976 415
1  mm 978 416
1  mm 979 416
0  
0  
0  
0  
0  
0  
0  
0  
0  
0  
0  
0  
0  
0  
0  
0  
0  
0  
1 T 1523744760.252000 
0  
0  
0  
0  
0  
0  
0  
0  
0  
0  
0  
0  
0  
0  
0  
0  
0  
0  
0  
0  
1  mm 1083 393
1  mm 1166 379
1  mm 1179 377
1  mm 1190 375
1  mm 1210 375
1  mm 1221 375
1  mm 1231 375
1  mm 1241 375
1  mm 1247 375
1  mm 1252 375
1  mm 1258 375
1  mm 1262 375
1  mm 1268 375
1  mm 1271 375
1  mm 1274 375
1  mm 1278 375
1  mm 1281 375
1  mm 1282 375
1  mm 1284 375
1  mm 1285 375
1  mm 1287 375
1  mm 1288 375
1  mm 1290 375
1  mm 1291 375
1  mm 1294 375
1  mm 1295 375
1  mm 1299 374
1  mm 1302 374
1  mm 1304 374
1  mm 1308 374
1  mm 1309 374
1  mm 1312 374
0  
1  mm 1314 374
1  mm 1315 372
0  
0  
0  
0  
0  
0  
0  
0  
0  
0  
0  
0  
0  
0  
0  
0  
0  
0  
0  
0  
0  
0  
0  
0  
0  
0  
0  
1  mm 1311 375
1  mm 1280 389
1  mm 1139 412
1  mm 1061 415
1  mm 1001 416
1  mm 974 410
1  mm 943 400
1  mm 864 375
1  mm 828 360
1  mm 814 352
1  mm 804 347
1  mm 801 346
1  mm 800 346
1  mm 797 346
1  mm 796 346
1  mm 794 346
1  mm 793 346
2 T 1523744761.852000 mm 791 346
0  
0  
0  
1  mm 788 345
1  mm 787 343
1  mm 787 342
1  mm 787 340
0  
1  mm 787 339
0  
1  mm 787 337
0  
0  
0  
1  mm 787 336
0  
0  
0  
0  
0  
1  mm 787 335
0  
0  
0  
0  
1  mm 787 333
0  
0  
0  
1  mm 787 332
0  
0  
0  
0  
0  
0  
0  
0  
0  
0  
0  
0  
0  
0  
0  
0  
0  
0  
0  
0  
0  
0  
0  
0  
0  
0  
0  
0  
0  
0  
0  
0  
0  
0  
0  
0  
0  
0  
0  
0  
0  
0  
0  
0  
0  
0  
0  
0  
0  
0  
0  
0  
0  
0  
0  
0  
0  
0  
0  
0  
0  
0  
0  
0  
0  
0  
0  
0  
0  
1 T 1523744763.454000 
0  
0  
0  
0  
0  
0  
0  
0  
0  
0  
0  
0  
0  
0  
0  
0  
0  
0  
0  
0  
0  
0  
0  
0  
0  
0  
0  
0  
0  
0  
0  
0  
0  
0  
0  
0  
0  
0  
0  
0  
0  
0  
0  
0  
0  
0  
0  
0  
0  
0  
0  
0  
0  
0  
0  
1  mm 789 329
1  mm 799 321
1  mm 813 311
1  mm 840 296
1  mm 906 273
1  mm 944 265
1  mm 959 265
1  mm 1003 269
1  mm 1050 274
1  mm 1078 279
1  mm 1092 284
1  mm 1097 285
1  mm 1101 287
1  mm 1103 287
1  mm 1104 287
1  mm 1105 287
1  mm 1107 287
0  
0  
0  
1  mm 1105 287
1  mm 1095 288
1  mm 1068 293
1  mm 1014 298
1  mm 962 306
1  mm 928 313
1  mm 883 318
1  mm 867 320
1  mm 856 320
1  mm 844 320
1  mm 840 320
1  mm 835 320
1  mm 831 320
1  mm 828 320
1  mm 827 320
1  mm 824 320
0  
1  mm 821 320
0  
0  
0  
0  
0  
0  
1 T 1523744765.053000 
1  mm 821 319
0  
0  
0  
1  mm 821 318
0  
0  
0  
0  
0  
0  
0  
0  
0  
0  
0  
0  
1  mm 814 316
1  mm 798 310
2  mm 785 307 mm 779 305
1  mm 773 303
1  mm 768 303
1  mm 766 303
1  mm 763 303
1  mm 761 303
1  mm 758 303
0  
1  mm 757 303
0  
0  
0  
1  mm 784 299
1  mm 828 294
1  mm 917 297
1  mm 1089 307
1  mm 1108 311
1  mm 1133 313
1  mm 1170 313
1  mm 1191 313
1  mm 1205 313
1  mm 1209 313
1  mm 1211 313
1  mm 1212 313
1  mm 1213 313
1  mm 1216 313
0  
0  
0  
0  
0  
0  
0  
0  
1  mm 1216 309
1  mm 1213 302
1  mm 1207 293
1  mm 1200 285
1  mm 1199 282
1  mm 1196 279
1  mm 1193 276
1  mm 1192 275
1  mm 1191 272
1  mm 1189 270
0  
0  
0  
0  
0  
0  
0  
0  
0  
0  
0  
0  
0  
0  
0  
0  
1  mm 1193 271
1  mm 1211 275
1  mm 1222 277
1  mm 1237 278
1  mm 1253 278
1  mm 1256 278
1  mm 1261 278
1  mm 1265 278
0  
0  
0  
0  
0  
0  
0  
0  
0  
0  
0  
0  
1 T 1523744766.655000 
1  mb 1 1 1265 278
0  
0  
0  
0  
0  
0  
0  
0  
0  
0  
0  
0  
0  
1  mb 1 0 1265 278
1 af 75 
1 af 76 
0  
0  
0  
0  
0  
0  
0  
0  
0  
0  
0  
0  
0  
1  mm 1247 299
1  mm 1229 317
1  mm 1217 329
1  mm 1204 338
1  mm 1201 341
1  mm 1198 344
1  mm 1195 345
1  mm 1195 347
1  mm 1194 348
1  mm 1194 350
1  mm 1194 351
1  mm 1194 352
1  mm 1194 355
1  mm 1204 358
1  mm 1212 360
1  mm 1226 362
1  mm 1235 364
1  mm 1244 365
1  mm 1258 364
1  mm 1267 363
1  mm 1279 361
1  mm 1283 359
1  mm 1288 358
1  mm 1292 356
1  mm 1297 355
1  mm 1301 353
1  mm 1304 352
1  mm 1307 352
1  mm 1310 352
1  mm 1311 351
1  mm 1312 351
1  mm 1314 349
0  
1  mm 1314 348
0  
0  
0  
0  
0  
0  
0  
0  
0  
0  
0  
0  
0  
0  
0  
0  
0  
0  
0  
0  
0  
0  
0  
0  
0  
0  
0  
1  mm 1084 333
1  mm 972 325
1  mm 944 325
1  mm 924 321
1  mm 910 317
1  mm 902 315
1  mm 888 313
1  mm 877 313
2 T 1523744768.255000 mm 862 311
1  mm 841 310
1  mm 830 306
1  mm 821 304
1  mm 814 303
1  mm 808 301
1  mm 793 296
1  mm 778 292
1  mm 762 288
1  mm 748 284
1  mm 745 283
1  mm 741 281
1  mm 738 280
1  mm 735 279
1  mm 734 277
1  mm 734 276
1  mm 734 274
1  mm 737 273
1  mm 740 271
1  mm 744 270
1  mm 751 268
1  mm 754 268
1  mm 760 268
1  mm 762 268
1  mm 764 268
1  mm 765 268
1  mm 767 269
0  
1  mm 763 272
1  mm 750 279
1  mm 731 285
1  mm 701 294
1  mm 685 300
1  mm 665 303
1  mm 658 305
1  mm 655 305
1  mm 651 305
1  mm 648 305
1  mm 647 305
0  
1  mm 658 301
1  mm 686 297
1  mm 787 285
1  mm 821 283
1  mm 829 283
1  mm 835 283
1  mm 840 285
1  mm 846 287
1  mm 861 290
1  mm 888 293
1  mm 962 301
1  mm 978 303
1  mm 985 303
1  mm 989 303
1  mm 991 303
1  mm 992 302
1  mm 992 301
1  mm 992 299
1  mm 992 298
1  mm 992 296
1  mm 992 295
1  mm 992 294
1  mm 992 292
0  
0  
0  
0  
0  
0  
0  
0  
0  
0  
0  
0  
0  
1  mm 993 292
1  mm 995 292
1  mm 996 292
0  
0  
0  
1  mm 994 292
1  mm 992 291
1  mm 980 286
1  mm 971 282
1  mm 963 281
1  mm 961 281
1  mm 959 281
1  mm 954 281
1  mm 953 281
0  
0  
0  
0  
0  
0  
0  
0  
0  
2 T 1523744769.856000 mb 1 1 953 281
0  
0  
0  
0  
0  
0  
0  
0  
0  
0  
0  
0  
1  mb 1 0 953 281
0  
0  
0  
0  
0  
0  
0  
0  
0  
0  
0  
0  
0  
0  
0  
0  
0  
0  
0  
0  
1  mm 1061 289
1  mm 1106 300
1  mm 1128 308
1  mm 1143 309
1  mm 1159 313
1  mm 1173 317
1  mm 1176 318
1  mm 1178 320
1  mm 1180 320
1  mm 1181 320
1  mm 1183 320
0  
0  
1  mm 1183 318
0  
0  
0  
0  
0  
0  
0  
0  
0  
0  
1  mb 1 1 1183 318
0  
0  
0  
0  
0  
0  
0  
0  
0  
0  
0  
0  
0  
0  
0  
0  
0  
0  
0  
1  md 1183 314
1  md 1182 309
1  md 1180 301
1  md 1178 298
1  md 1178 297
1  mb 1 0 1178 297
0  
0  
0  
0  
0  
0  
0  
0  
0  
1  mb 1 1 1178 297
0  
0  
0  
0  
0  
0  
1 T 1523744771.456000 
0  
0  
0  
0  
0  
0  
1  mb 1 0 1178 297
0  
0  
0  
0  
0  
0  
0  
0  
0  
0  
0  
0  
0  
0  
1  mm 1191 302
1  mm 1228 318
1  mm 1239 322
1  mm 1255 324
1  mm 1266 324
1  mm 1277 323
1  mm 1295 319
1  mm 1304 315
1  mm 1313 312
1  mm 1319 310
1  mm 1324 309
1  mm 1326 308
1  mm 1331 306
1  mm 1333 305
0  
0  
0  
0  
0  
0  
0  
0  
0  
0  
0  
0  
0  
0  
0  
0  
0  
0  
0  
0  
0  
0  
0  
0  
0  
0  
0  
0  
0  
0  
0  
0  
0  
0  
0  
0  
0  
0  
0  
0  
0  
1  mb 1 1 1333 305
0  
0  
0  
0  
0  
0  
0  
0  
0  
0  
0  
0  
1  mb 1 0 1333 305
0  
0  
0  
0  
0  
0  
0  
0  
0  
1 T 1523744773.056000 
0  
0  
0  
0  
0  
0  
0  
0  
0  
0  
0  
0  
0  
1  mm 1332 309
1  mm 1330 312
1  mm 1329 315
1  mm 1327 316
1  mm 1326 318
1  mm 1325 319
1  mm 1323 321
1  mm 1314 321
1  mm 1305 320
1  mm 1290 316
1  mm 1271 306
1  mm 1262 303
1  mm 1253 299
1  mm 1249 299
1  mm 1246 298
1  mm 1240 298
1  mm 1237 298
1  mm 1233 299
1  mm 1229 299
1  mm 1226 299
1  mm 1224 299
1  mm 1223 299
1  mm 1222 300
1  mm 1220 300
0  
0  
0  
0  
0  
0  
0  
0  
0  
0  
1  mb 1 1 1220 300
0  
0  
0  
0  
0  
0  
0  
0  
0  
0  
0  
0  
0  
1  mb 1 0 1220 300
0  
0  
0  
0  
0  
0  
0  
0  
0  
0  
0  
0  
1  mm 1236 306
1  mm 1252 312
1  mm 1276 320
1  mm 1292 326
1  mm 1311 332
1  mm 1333 342
1  mm 1340 345
1  mm 1342 347
1  mm 1345 348
1  mm 1347 348
1  mm 1348 350
0  
0  
0  
0  
0  
0  
0  
0  
0  
0  
1  mb 1 1 1348 350
0  
0  
0  
1 T 1523744774.656000 
0  
0  
0  
0  
0  
0  
0  
0  
1  mb 1 0 1348 350
0  
0  
0  
0  
0  
0  
0  
0  
0  
0  
0  
0  
0  
0  
0  
0  
0  
0  
0  
0  
0  
0  
0  
0  
0  
0  
0  
0  
0  
0  
0  
0  
0  
0  
0  
0  
0  
0  
0  
1  kd 119 1348 350
1 af 77 
1 af 78 
3 af 79 af 82 af 85 
3 af 80 af 84 af 88 
3 af 81 af 87 af 91 
3 af 83 af 90 af 94 
5 af 86 af 93 af 97 ku 119 1348 350 kd 111 1348 350
3 af 89 af 96 af 100 
3 af 92 af 99 af 103 
3 af 95 af 102 af 106 
4 af 98 af 105 af 109 ku 111 1348 350
3 af 101 af 108 af 112 
3 af 104 af 111 af 115 
2 af 107 af 114 
2 af 110 af 117 
2 af 113 kd 114 1348 350
1 af 116 
1 af 118 
1 af 119 
2 af 120 ku 114 1348 350
0  
0  
0  
0  
1  kd 109 1348 350
0  
0  
0  
0  
0  
0  
1  ku 109 1348 350
0  
0  
0  
0  
0  
0  
1  kd 108 1348 350
0  
0  
0  
0  
0  
0  
0  
2  ku 108 1348 350 kd 101 1348 350
0  
0  
0  
2 T 1523744776.255000 ku 101 1348 350
0  
1  kd 115 1348 350
0  
0  
0  
0  
0  
1  ku 115 1348 350
0  
0  
0  
0  
0  
0  
0  
0  
0  
0  
0  
0  
0  
0  
0  
0  
0  
0  
0  
0  
0  
0  
0  
0  
0  
0  
0  
0  
0  
0  
0  
1  mm 1348 351
1  mm 1348 353
1  mm 1348 355
1  mm 1348 358
1  mm 1348 361
1  mm 1348 364
1  mm 1348 365
1  mm 1348 370
1  mm 1349 373
1  mm 1351 375
1  mm 1352 381
1  mm 1354 384
1  mm 1354 387
1  mm 1354 391
1  mm 1354 393
1  mm 1354 394
1  mm 1354 395
1  mm 1354 397
1  mm 1355 397
0  
1  mm 1357 395
0  
0  
0  
0  
0  
0  
0  
0  
0  
0  
0  
0  
0  
0  
0  
1  mb 1 1 1357 395
0  
0  
0  
0  
0  
0  
0  
0  
0  
0  
0  
0  
0  
1  mb 1 0 1357 395
0  
0  
0  
0  
0  
0  
0  
0  
0  
1 T 1523744777.856000 
0  
0  
0  
0  
0  
0  
0  
0  
0  
0  
0  
0  
0  
0  
0  
1  mm 1351 397
1  mm 1337 403
1  mm 1263 416
1  mm 1193 416
1  mm 1146 409
1  mm 1070 385
1  mm 1041 375
1  mm 1034 372
1  mm 1030 370
1  mm 1029 370
1  mm 1027 370
1  mm 1027 369
1  mm 1027 368
1  mm 1027 366
1  mm 1027 365
1  mm 1026 361
1  mm 1026 359
1  mm 1024 355
1  mm 1021 347
1  mm 1021 340
1  mm 1020 338
1  mm 1017 332
1  mm 1017 330
1  mm 1017 327
1  mm 1017 326
1  mm 1017 323
0  
0  
0  
0  
0  
0  
0  
0  
1  mb 1 1 1017 323
0  
0  
0  
0  
0  
0  
0  
0  
0  
0  
0  
0  
0  
1  mb 1 0 1017 323
0  
0  
0  
0  
0  
0  
0  
0  
0  
0  
0  
0  
0  
0  
0  
0  
0  
0  
0  
0  
0  
0  
0  
0  
0  
0  
0  
0  
0  
0  
0  
0  
0  
0  
0  
1 T 1523744779.456000 
0  
0  
0  
0  
0  
0  
0  
0  
0  
0  
0  
0  
0  
0  
0  
0  
0  
0  
0  
0  
0  
0  
0  
0  
0  
0  
0  
0  
0  
0  
0  
0  
0  
0  
0  
0  
0  
0  
0  
0  
0  
0  
0  
0  
0  
0  
0  
0  
0  
0  
0  
0  
0  
0  
0  
0  
0  
0  
0  
0  
0  
0  
0  
0  
0  
0  
0  
0  
0  
0  
0  
0  
0  
0  
0  
0  
0  
0  
0  
0  
0  
0  
0  
0  
0  
0  
0  
0  
0  
0  
0  
0  
0  
0  
0  
0  
0  
0  
0  
1 T 1523744781.055000 
0  
0  
0  
0  
0  
0  
0  
0  
0  
0  
0  
0  
0  
0  
0  
0  
0  
0  
0  
0  
0  
0  
0  
0  
0  
0  
0  
0  
0  
0  
0  
0  
0  
0  
0  
0  
0  
0  
0  
0  
0  
0  
0  
0  
0  
0  
0  
0  
0  
0  
0  
0  
0  
0  
0  
0  
0  
0  
0  
0  
0  
0  
0  
0  
0  
0  
0  
0  
0  
0  
0  
0  
0  
0  
0  
0  
0  
0  
0  
0  
0  
0  
0  
0  
0  
0  
0  
0  
0  
0  
0  
0  
0  
0  
0  
0  
0  
0  
0  
1 T 1523744782.655000 
0  
0  
0  
0  
0  
0  
0  
0  
0  
0  
0  
0  
0  
0  
0  
0  
0  
0  
0  
0  
0  
0  
0  
0  
0  
0  
0  
0  
0  
0  
0  
0  
0  
0  
0  
0  
0  
0  
0  
0  
0  
0  
0  
0  
0  
0  
0  
0  
0  
0  
0  
0  
0  
0  
0  
0  
0  
0  
0  
0  
0  
0  
0  
0  
0  
0  
0  
0  
0  
0  
0  
0  
0  
0  
0  
0  
0  
0  
0  
0  
0  
0  
0  
0  
0  
0  
0  
0  
0  
0  
1  mm 1017 326
1  mm 1017 334
1  mm 1017 345
1  mm 1013 363
1  mm 1013 376
1  mm 1011 389
1  mm 1009 405
1  mm 1008 414
1  mm 1006 421
2 T 1523744784.257000 mm 1001 431
1  mm 997 440
1  mm 992 450
1  mm 988 459
1  mm 983 468
1  mm 978 476
1  mm 977 480
1  mm 974 486
1  mm 972 488
1  mm 971 491
1  mm 970 493
1  mm 967 498
1  mm 965 502
1  mm 960 512
1  mm 957 515
1  mm 956 521
1  mm 954 524
1  mm 954 525
1  mm 953 530
1  mm 953 531
1  mm 952 532
1  mm 952 534
1  mm 952 535
0  
1  mm 952 538
0  
0  
0  
0  
0  
0  
0  
0  
0  
0  
0  
0  
0  
0  
0  
0  
0  
0  
0  
0  
0  
0  
0  
0  
0  
0  
0  
0  
0  
0  
0  
0  
0  
0  
0  
0  
0  
0  
0  
0  
0  
0  
0  
0  
0  
0  
0  
0  
0  
0  
0  
0  
0  
0  
0  
0  
0  
0  
0  
0  
0  
0  
0  
0  
0  
1  mb 1 1 952 538
0  
0  
0  
0  
0  
0  
0  
0  
0  
1 T 1523744785.856000 
0  
0  
1  mb 1 0 952 538
0  
0  
0  
0  
0  
0  
0  
0  
0  
0  
0  
0  
0  
0  
0  
0  
0  
0  
0  
0  
1  mm 904 567
1  mm 849 592
1  mm 820 601
1  mm 811 604
1  mm 803 606
1  mm 799 607
1  mm 792 609
1  mm 784 614
1  mm 775 619
1  mm 768 622
1  mm 760 627
1  mm 758 630
1  mm 755 632
1  mm 752 633
1  mm 752 635
1  mm 749 635
0  
0  
0  
0  
0  
0  
0  
0  
0  
0  
1  mb 1 1 749 635
0  
0  
0  
0  
0  
0  
0  
0  
0  
0  
0  
0  
0  
1  mb 1 0 749 635
1 af 121 
0  
0  
0  
0  
0  
0  
0  
0  
0  
0  
0  
0  
0  
0  
0  
0  
0  
0  
0  
1  mm 727 635
1  mm 712 635
1  mm 696 632
1  mm 689 630
1  mm 683 629
1  mm 680 627
1  mm 676 626
1  mm 671 624
1  mm 669 623
1  mm 666 621
1  mm 663 620
1  mm 661 619
1  mm 660 617
1  mm 659 616
1  mm 659 614
2 T 1523744787.456000 mm 656 614
0  
0  
0  
0  
0  
0  
0  
0  
0  
0  
0  
0  
1  mb 1 1 656 614
0  
0  
0  
0  
0  
0  
0  
0  
0  
0  
0  
0  
0  
0  
0  
0  
0  
0  
0  
1  md 658 614
1  md 660 614
1  md 662 614
1  md 663 614
1  md 665 614
0  
0  
1  mb 1 0 665 614
0  
0  
0  
0  
0  
0  
0  
0  
0  
0  
1  mb 1 1 665 614
0  
0  
0  
0  
0  
0  
0  
0  
0  
0  
0  
0  
0  
1  mb 1 0 665 614
0  
0  
0  
0  
0  
0  
0  
0  
0  
0  
0  
0  
0  
0  
0  
0  
0  
0  
0  
0  
0  
0  
1  mm 679 614
1  mm 694 612
1  mm 728 610
1  mm 762 614
1  mm 810 614
1  mm 831 618
1  mm 849 620
1  mm 873 624
1  mm 881 624
1  mm 890 626
1  mm 900 629
1  mm 905 629
2 T 1523744789.057000 mm 911 634
1  mm 915 637
1  mm 921 644
1  mm 929 654
1  mm 931 661
1  mm 935 665
1  mm 935 668
1  mm 938 671
1  mm 941 675
1  mm 943 677
1  mm 945 680
1  mm 948 684
1  mm 950 685
1  mm 951 687
1  mm 953 688
1  mm 954 690
1  mm 955 691
1  mm 955 692
1  mm 955 694
1  mm 955 695
1  mm 955 697
0  
0  
1  mm 955 698
0  
1  mm 955 700
0  
0  
1  mm 955 701
1  mm 955 704
1  mm 955 705
1  mm 955 708
1  mm 955 711
1  mm 955 712
1  mm 955 714
1  mm 955 715
1  mm 955 717
0  
1  mm 955 718
1  mm 955 720
0  
0  
0  
0  
0  
0  
0  
0  
0  
0  
0  
0  
0  
0  
0  
0  
1  mb 1 1 955 720
0  
0  
0  
0  
0  
0  
0  
0  
0  
0  
0  
0  
1  mb 1 0 955 720
0  
0  
0  
0  
0  
0  
0  
0  
0  
0  
0  
0  
0  
0  
0  
0  
0  
0  
0  
0  
0  
0  
0  
0  
0  
0  
0  
0  
0  
0  
1 T 1523744790.656000 
0  
0  
0  
0  
0  
0  
0  
0  
0  
0  
0  
0  
0  
0  
0  
0  
0  
0  
0  
0  
0  
0  
0  
0  
0  
0  
0  
0  
0  
0  
0  
0  
0  
0  
0  
0  
0  
0  
0  
0  
0  
0  
0  
0  
0  
0  
0  
0  
0  
0  
0  
0  
0  
0  
0  
0  
0  
0  
0  
0  
0  
0  
0  
0  
0  
0  
0  
0  
0  
0  
0  
0  
0  
0  
0  
0  
0  
0  
0  
0  
0  
0  
0  
0  
0  
0  
0  
0  
0  
0  
0  
0  
0  
0  
0  
0  
0  
0  
0  
1 T 1523744792.256000 
0  
0  
0  
0  
0  
0  
0  
0  
0  
0  
0  
0  
0  
0  
0  
0  
0  
0  
0  
0  
0  
0  
0  
0  
0  
0  
0  
0  
0  
0  
0  
0  
0  
0  
0  
0  
0  
0  
0  
0  
0  
0  
0  
0  
0  
0  
0  
0  
0  
0  
0  
0  
0  
0  
0  
0  
0  
0  
0  
0  
0  
0  
0  
0  
0  
0  
0  
0  
0  
0  
0  
0  
0  
0  
0  
0  
0  
0  
0  
0  
0  
0  
0  
0  
0  
0  
0  
0  
0  
0  
0  
0  
0  
0  
0  
0  
0  
0  
0  
1 T 1523744793.856000 
0  
0  
0  
0  
0  
0  
0  
0  
0  
0  
0  
0  
0  
0  
0  
0  
0  
0  
0  
0  
0  
0  
0  
0  
0  
0  
0  
0  
0  
0  
0  
0  
0  
0  
0  
0  
0  
0  
0  
0  
0  
0  
0  
0  
0  
0  
0  
0  
0  
0  
0  
0  
0  
0  
0  
0  
0  
0  
0  
0  
0  
0  
0  
0  
0  
0  
0  
0  
0  
0  
0  
0  
0  
0  
0  
0  
0  
0  
0  
0  
0  
0  
0  
0  
0  
0  
0  
0  
0  
1  kd 51 955 720
0  
0  
0  
0  
0  
0  
1  ku 51 955 720
0  
1  kd 48 955 720
1 T 1523744795.458000 
0  
0  
0  
1  ku 48 955 720
0  
0  
0  
0  
0  
1  kd 48 955 720
0  
0  
0  
0  
0  
1  ku 48 955 720
0  
0  
0  
0  
0  
0  
0  
0  
0  
0  
0  
0  
0  
0  
0  
0  
0  
0  
1  kd 8 955 720
0  
0  
0  
0  
1  ku 8 955 720
0  
0  
0  
0  
0  
1  kd 8 955 720
0  
0  
0  
1  ku 8 955 720
0  
0  
0  
0  
0  
1  kd 8 955 720
0  
0  
0  
0  
0  
1  ku 8 955 720
0  
0  
0  
0  
0  
0  
0  
0  
1  sd 117 955 720
0  
0  
0  
0  
2 v su 117 955 720
1 v 
1 v 
1 v 
1 v 
1 v 
1 v 
1 v 
1 v 
1 v 
1 v 
1 v 
1 v 
1 v 
1 v 
1 v 
1 v 
1 v 
1 v 
1 v 
1 v 
1 v 
1 v 
1 v 
2 T 1523744798.006000 v 
1 v 
1 v 
1 v 
1 v 
1 v 
1 v 
1 v 
1 v 
1 v 
1 v 
1 v 
1 v 
1 v 
1 v 
1 v 
1 v 
1 v 
1 v 
1 v 
1 v 
1 v 
1 v 
1 v 
1 v 
1 v 
1 v 
1 v 
1 v 
1 v 
1 v 
1 v 
1 v 
1 v 
1 v 
1 v 
1 v 
1 v 
1 v 
1 v 
1 v 
1 v 
1 v 
1 v 
1 v 
1 v 
1 v 
1 v 
1 v 
1 v 
1 v 
1 v 
1 v 
1 v 
1 v 
1 v 
1 v 
1 v 
1 v 
1 v 
1 v 
1 v 
1 v 
1 v 
1 v 
1 v 
1 v 
1 v 
1 v 
1 v 
1 v 
1 v 
1 v 
1 v 
1 v 
1 v 
1 v 
1 v 
1 v 
1 v 
1 v 
1 v 
1 v 
1 v 
1 v 
1 v 
1 v 
1 v 
1 v 
1 v 
1 v 
1 v 
1 v 
1 v 
1 v 
1 v 
1 v 
1 v 
1 v 
1 v 
2 T 1523744802.284000 v 
1 v 
1 v 
1 v 
1 v 
1 v 
1 v 
1 v 
1 v 
1 v 
1 v 
1 v 
1 v 
1 v 
1 v 
1 v 
1 v 
1 v 
1 v 
1 v 
1 v 
1 v 
1 v 
1 v 
1 v 
1 v 
1 v 
1 v 
1 v 
1 v 
1 v 
1 v 
1 v 
1 v 
1 v 
1 v 
1 v 
1 v 
1 v 
1 v 
1 v 
1 v 
1 v 
1 v 
1 v 
1 v 
1 v 
1 v 
1 v 
1 v 
1 v 
1 v 
1 v 
1 v 
1 v 
1 v 
1 v 
1 v 
1 v 
1 v 
1 v 
1 v 
1 v 
1 v 
1 v 
1 v 
1 v 
1 v 
1 v 
1 v 
1 v 
1 v 
1 v 
1 v 
1 v 
1 v 
1 v 
1 v 
1 v 
1 v 
1 v 
1 v 
1 v 
1 v 
1 v 
1 v 
1 v 
1 v 
1 v 
1 v 
1 v 
1 v 
1 v 
1 v 
1 v 
1 v 
1 v 
1 v 
1 v 
1 v 
2 T 1523744806.372000 v 
1 v 
1 v 
1 v 
1 v 
1 v 
1 v 
1 v 
1 v 
1 v 
1 v 
1 v 
1 v 
1 v 
1 v 
1 v 
1 v 
1 v 
1 v 
0  
1  mm 814 776
0  
0  
0  
0  
0  
0  
0  
0  
0  
0  
0  
0  
0  
0  
0  
0  
0  
0  
0  
0  
0  
0  
0  
0  
0  
0  
0  
0  
0  
0  
0  
0  
0  
0  
0  
0  
0  
0  
0  
0  
0  
0  
0  
0  
0  
0  
0  
0  
0  
0  
1  kd 27 814 776
0  
0  
0  
1  ku 27 814 776
0  
0  
0  
0  
0  
0  
0  
0  
0  
0  
0  
0  
0  
0  
0  
0  
0  
0  
0  
1  mm 818 766
1  mm 825 749
1  mm 832 740
1  mm 838 733
1  mm 842 727
2 T 1523744808.631000 mm 847 723
1  mm 850 720
1  mm 854 718
1  mm 855 716
1  mm 858 715
1  mm 859 713
0  
0  
0  
0  
1  mm 859 712
0  
1  mm 861 712
1  mm 862 712
0  
0  
0  
0  
0  
0  
0  
0  
0  
0  
0  
0  
0  
0  
0  
0  
0  
0  
0  
0  
0  
0  
0  
0  
0  
0  
0  
0  
0  
0  
1  mm 867 712
1  mm 871 712
1  mm 874 712
0  
0  
0  
0  
0  
0  
0  
0  
0  
0  
0  
0  
0  
0  
0  
0  
0  
0  
0  
0  
0  
0  
0  
0  
0  
0  
0  
0  
0  
0  
0  
0  
0  
0  
0  
0  
0  
0  
0  
0  
0  
0  
0  
0  
0  
0  
0  
0  
0  
0  
0  
1  kd 51 874 712
0  
1 T 1523744810.232000 
0  
0  
0  
0  
0  
0  
0  
0  
0  
0  
0  
0  
1  kd 48 874 712
0  
0  
0  
0  
0  
0  
0  
0  
0  
0  
0  
0  
0  
1  kd 48 874 712
0  
0  
0  
0  
0  
0  
0  
0  
0  
0  
0  
0  
0  
0  
0  
0  
0  
0  
0  
0  
0  
0  
0  
0  
0  
0  
0  
0  
0  
0  
0  
0  
0  
0  
0  
0  
0  
0  
0  
0  
0  
0  
1  mm 802 670
1  mm 708 563
1  mm 698 546
1  mm 696 539
1  mm 694 537
1  mm 693 537
0  
0  
0  
0  
0  
0  
0  
0  
0  
0  
0  
0  
0  
0  
0  
0  
1  mm 692 537
1  mm 690 538
1  mm 686 539
1  mm 680 539
1  mm 671 539
1  mm 657 539
1  mm 651 538
1  mm 643 538
2 T 1523744811.834000 mm 638 538
1  mm 636 537
1  mm 631 537
1  mm 628 537
1  mm 627 537
1  mm 626 537
0  
0  
0  
0  
0  
0  
0  
0  
0  
0  
0  
0  
0  
0  
0  
0  
0  
0  
0  
0  
0  
0  
0  
0  
0  
0  
0  
0  
0  
0  
0  
0  
0  
0  
0  
0  
0  
0  
0  
0  
0  
0  
0  
0  
0  
0  
0  
0  
0  
0  
0  
0  
0  
0  
0  
0  
0  
0  
0  
0  
0  
0  
0  
0  
0  
0  
0  
0  
0  
0  
0  
0  
0  
0  
0  
0  
0  
0  
0  
0  
0  
0  
0  
0  
0  
0  
0  
0  
0  
0  
0  
0  
0  
0  
1 T 1523744813.433000 
0  
0  
0  
0  
0  
0  
0  
0  
0  
0  
0  
0  
0  
0  
0  
0  
0  
0  
0  
0  
0  
0  
0  
0  
0  
0  
0  
0  
0  
0  
0  
0  
0  
0  
0  
0  
0  
0  
0  
0  
0  
0  
0  
0  
0  
1  mm 633 537
1  mm 644 537
1  mm 652 537
1  mm 660 537
1  mm 664 537
1  mm 672 537
1  mm 675 537
1  mm 678 537
1  mm 682 537
1  mm 683 537
1  mm 685 537
1  mm 686 537
0  
0  
0  
0  
0  
0  
0  
0  
0  
0  
0  
0  
0  
0  
0  
1  mm 688 537
1  mm 689 537
1  mm 690 537
1  mm 692 537
1  mm 693 537
1  mm 696 539
1  mm 700 540
1  mm 705 542
1  mm 711 543
1  mm 723 545
1  mm 728 547
1  mm 734 548
1  mm 736 548
1  mm 738 548
1  mm 741 549
1  mm 742 549
0  
0  
1  mm 736 551
1  mm 731 551
1  mm 719 554
1  mm 713 556
1  mm 700 558
1  mm 673 562
1  mm 655 566
2  mm 639 566 mm 634 566
1  mm 625 566
2 T 1523744815.034000 mm 621 566
1  mm 618 566
1  mm 614 566
1  mm 612 566
1  mm 611 566
1  mm 609 564
0  
0  
0  
0  
0  
1  mm 611 564
1  mm 618 565
1  mm 624 567
1  mm 631 568
2  mm 634 568 mm 637 568
1  mm 639 568
1  mm 642 568
1  mm 645 570
1  mm 647 570
0  
0  
0  
0  
0  
0  
0  
0  
0  
0  
0  
0  
0  
0  
0  
0  
0  
0  
0  
0  
0  
0  
0  
0  
1  mm 647 566
1  mm 647 559
1  mm 647 554
1  mm 647 550
1  mm 647 547
1  mm 647 545
1  mm 647 543
1  mm 647 541
1  mm 647 540
0  
0  
0  
0  
0  
0  
0  
0  
0  
0  
0  
0  
0  
0  
0  
1  mb 1 1 647 540
0  
0  
0  
0  
0  
0  
0  
0  
0  
0  
0  
0  
0  
1  mb 1 0 647 540
0  
0  
0  
0  
0  
0  
0  
0  
0  
0  
0  
0  
0  
0  
0  
0  
0  
1 T 1523744816.636000 
0  
0  
0  
0  
0  
0  
0  
0  
0  
0  
1  sd 117 647 540
0  
0  
0  
2 v su 117 647 540
1 v 
1 v 
1 v 
1 v 
1 v 
1 v 
1 v 
1 v 
1 v 
1 v 
1 v 
1 v 
1 v 
1 v 
1 v 
1 v 
1 v 
1 v 
1 v 
1 v 
1 v 
1 v 
1 v 
1 v 
1 v 
1 v 
1 v 
1 v 
1 v 
1 v 
1 v 
1 v 
1 v 
1 v 
1 v 
1 v 
1 v 
1 v 
1 v 
1 v 
1 v 
1 v 
1 v 
1 v 
1 v 
1 v 
1 v 
1 v 
1 v 
1 v 
1 v 
1 v 
1 v 
1 v 
1 v 
1 v 
1 v 
1 v 
1 v 
1 v 
1 v 
1 v 
1 v 
1 v 
1 v 
1 v 
1 v 
1 v 
1 v 
1 v 
1 v 
1 v 
1 v 
1 v 
1 v 
1 v 
1 v 
1 v 
1 v 
1 v 
1 v 
1 v 
1 v 
1 v 
2 T 1523744820.419000 v 
1 v 
1 v 
1 v 
1 v 
1 v 
1 v 
1 v 
1 v 
1 v 
1 v 
1 v 
1 v 
1 v 
1 v 
1 v 
1 v 
1 v 
1 v 
1 v 
1 v 
1 v 
1 v 
1 v 
1 v 
1 v 
1 v 
1 v 
1 v 
1 v 
1 v 
1 v 
1 v 
1 v 
1 v 
1 v 
1 v 
1 v 
1 v 
1 v 
1 v 
1 v 
1 v 
1 v 
1 v 
1 v 
1 v 
1 v 
1 v 
1 v 
1 v 
1 v 
1 v 
1 v 
1 v 
1 v 
1 v 
1 v 
1 v 
1 v 
1 v 
1 v 
1 v 
1 v 
1 v 
1 v 
1 v 
1 v 
1 v 
1 v 
1 v 
1 v 
1 v 
1 v 
1 v 
1 v 
1 v 
1 v 
1 v 
1 v 
1 v 
1 v 
1 v 
1 v 
1 v 
1 v 
1 v 
1 v 
1 v 
1 v 
1 v 
1 v 
1 v 
1 v 
1 v 
1 v 
1 v 
1 v 
1 v 
1 v 
2 T 1523744824.108000 v 
1 v 
1 v 
1 v 
1 v 
1 v 
1 v 
1 v 
1 v 
1 v 
1 v 
1 v 
1 v 
1 v 
1 v 
1 v 
1 v 
1 v 
1 v 
1 v 
1 v 
1 v 
1 v 
1 v 
1 v 
1 v 
1 v 
1 v 
1 v 
1 v 
1 v 
1 v 
1 v 
1 v 
1 v 
1 v 
1 v 
1 v 
1 v 
1 v 
1 v 
1 v 
1 v 
1 v 
1 v 
1 v 
1 v 
1 v 
1 v 
1 v 
1 v 
1 v 
1 v 
1 v 
1 v 
1 v 
1 v 
1 v 
1 v 
1 v 
1 v 
1 v 
1 v 
1 v 
1 v 
1 v 
1 v 
1 v 
1 v 
1 v 
1 v 
1 v 
1 v 
1 v 
1 v 
1 v 
1 v 
1 v 
1 v 
1 v 
1 v 
1 v 
1 v 
1 v 
1 v 
1 v 
1 v 
1 v 
1 v 
1 v 
1 v 
1 v 
1 v 
1 v 
1 v 
1 v 
1 v 
1 v 
1 v 
1 v 
2 T 1523744827.948000 v 
1 v 
1 v 
1 v 
1 v 
1 v 
1 v 
1 v 
1 v 
1 v 
1 v 
1 v 
1 v 
1 v 
1 v 
1 v 
1 v 
1 v 
1 v 
1 v 
1 v 
1 v 
1 v 
1 v 
1 v 
1 v 
1 v 
1 v 
1 v 
1 v 
1 v 
1 v 
1 v 
1 v 
1 v 
1 v 
1 v 
1 v 
1 v 
0  
3  kd 27 1134 370 ku 27 1134 370 mm 1134 370
0  
1  mm 1132 374
1  mm 1129 381
1  mm 1125 387
1  mm 1118 398
1  mm 1115 405
1  mm 1110 407
1  mm 1109 410
1  mm 1108 413
1  mm 1106 416
1  mm 1105 417
1  mm 1103 419
0  
1  mm 1103 422
1  mm 1102 422
1  mm 1099 426
1  mm 1098 429
1  mm 1093 433
1  mm 1086 444
1  mm 1083 448
1  mm 1076 457
1  mm 1073 461
1  mm 1072 464
1  mm 1068 469
1  mm 1065 471
1  mm 1063 473
1  mm 1062 476
1  mm 1060 476
0  
0  
0  
0  
0  
1  mm 1061 476
1  mm 1062 476
1  mm 1064 476
1  mm 1067 476
1  mm 1071 476
0  
1  mm 1074 476
1  mm 1076 476
1  mm 1079 476
1  mm 1082 476
1  mm 1085 476
1  mm 1086 476
1  mm 1088 476
1  mm 1089 476
0  
0  
0  
0  
1  mm 1089 477
0  
0  
0  
0  
0  
0  
0  
1 T 1523744842.309000 
0  
0  
0  
0  
0  
0  
0  
0  
0  
0  
1  mb 1 1 1089 477
0  
0  
0  
0  
0  
0  
0  
0  
0  
0  
0  
0  
1  mb 1 0 1089 477
0  
0  
0  
0  
0  
0  
0  
0  
0  
0  
0  
0  
0  
0  
0  
0  
0  
0  
0  
0  
0  
0  
0  
1  mm 1089 475
1  mm 1089 474
1  mm 1089 472
1  mm 1089 471
1  mm 1089 470
1  mm 1089 468
1  mm 1089 467
0  
0  
1  mm 1089 465
1  mm 1089 464
0  
0  
0  
0  
0  
0  
0  
0  
0  
0  
0  
0  
0  
0  
0  
0  
1  mb 1 1 1089 464
0  
0  
0  
0  
0  
0  
0  
0  
0  
0  
0  
0  
1  mb 1 0 1089 464
0  
0  
0  
0  
0  
0  
0  
0  
0  
0  
0  
1 T 1523744843.910000 
0  
0  
0  
1  mm 1056 475
1  mm 990 496
1  mm 926 505
1  mm 876 507
1  mm 845 507
1  mm 836 507
1  mm 829 507
1  mm 822 507
1  mm 814 507
1  mm 800 507
1  mm 787 507
1  mm 773 506
1  mm 764 505
1  mm 758 505
1  mm 746 505
1  mm 740 505
1  mm 733 505
1  mm 724 507
1  mm 717 509
1  mm 703 512
1  mm 692 518
1  mm 681 523
1  mm 666 531
1  mm 659 534
1  mm 651 539
1  mm 647 539
1  mm 644 540
1  mm 638 540
1  mm 635 540
1  mm 634 540
1  mm 631 540
1  mm 629 540
0  
1  mm 626 540
0  
0  
0  
0  
0  
0  
0  
0  
0  
0  
0  
0  
0  
0  
0  
0  
0  
0  
0  
0  
0  
0  
0  
0  
0  
0  
0  
0  
0  
0  
0  
1  mb 1 1 626 540
0  
0  
0  
0  
0  
0  
0  
0  
0  
0  
0  
0  
1  mb 1 0 626 540
0  
0  
0  
0  
0  
1  sd 117 626 540
0  
0  
0  
0  
2 v su 117 626 540
1 v 
1 v 
1 v 
1 v 
1 v 
1 v 
2 T 1523744845.934000 v 
1 v 
1 v 
1 v 
1 v 
1 v 
1 v 
1 v 
1 v 
1 v 
1 v 
1 v 
1 v 
1 v 
1 v 
1 v 
1 v 
1 v 
1 v 
1 v 
1 v 
1 v 
1 v 
1 v 
1 v 
1 v 
1 v 
1 v 
1 v 
1 v 
1 v 
1 v 
1 v 
1 v 
1 v 
1 v 
1 v 
1 v 
1 v 
1 v 
1 v 
1 v 
1 v 
1 v 
1 v 
1 v 
1 v 
1 v 
1 v 
1 v 
1 v 
1 v 
1 v 
1 v 
1 v 
1 v 
1 v 
1 v 
1 v 
1 v 
1 v 
1 v 
1 v 
1 v 
1 v 
1 v 
1 v 
1 v 
1 v 
1 v 
1 v 
1 v 
1 v 
1 v 
1 v 
1 v 
1 v 
1 v 
1 v 
1 v 
1 v 
1 v 
1 v 
1 v 
1 v 
1 v 
1 v 
1 v 
1 v 
1 v 
1 v 
1 v 
1 v 
1 v 
1 v 
1 v 
1 v 
1 v 
1 v 
1 v 
2 T 1523744849.765000 v 
1 v 
1 v 
1 v 
1 v 
1 v 
1 v 
1 v 
1 v 
1 v 
1 v 
1 v 
1 v 
1 v 
1 v 
1 v 
1 v 
1 v 
1 v 
1 v 
1 v 
1 v 
1 v 
1 v 
1 v 
1 v 
1 v 
1 v 
1 v 
1 v 
1 v 
1 v 
1 v 
1 v 
1 v 
1 v 
1 v 
1 v 
1 v 
1 v 
1 v 
1 v 
1 v 
1 v 
1 v 
1 v 
1 v 
1 v 
1 v 
1 v 
1 v 
1 v 
1 v 
1 v 
1 v 
1 v 
1 v 
1 v 
1 v 
1 v 
1 v 
1 v 
1 v 
1 v 
1 v 
1 v 
1 v 
1 v 
1 v 
1 v 
1 v 
1 v 
1 v 
1 v 
1 v 
1 v 
1 v 
1 v 
1 v 
1 v 
1 v 
1 v 
1 v 
1 v 
1 v 
1 v 
1 v 
1 v 
1 v 
1 v 
1 v 
1 v 
1 v 
1 v 
1 v 
1 v 
1 v 
1 v 
1 v 
1 v 
2 T 1523744853.551000 v 
1 v 
1 v 
1 v 
1 v 
1 v 
1 v 
1 v 
1 v 
1 v 
1 v 
1 v 
1 v 
1 v 
1 v 
1 v 
1 v 
1 v 
1 v 
1 v 
1 v 
1 v 
1 v 
1 v 
1 v 
1 v 
1 v 
1 v 
1 v 
1 v 
1 v 
1 v 
1 v 
1 v 
1 v 
1 v 
1 v 
1 v 
1 v 
1 v 
1 v 
1 v 
1 v 
1 v 
1 v 
1 v 
1 v 
1 v 
1 v 
1 v 
1 v 
1 v 
1 v 
1 v 
1 v 
1 v 
1 v 
1 v 
1 v 
1 v 
1 v 
1 v 
1 v 
1 v 
1 v 
1 v 
1 v 
1 v 
1 v 
1 v 
1 v 
1 v 
1 v 
1 v 
1 v 
1 v 
1 v 
1 v 
1 v 
1 v 
1 v 
1 v 
1 v 
1 v 
1 v 
1 v 
1 v 
1 v 
1 v 
1 v 
1 v 
1 v 
1 v 
1 v 
1 v 
1 v 
1 v 
1 v 
1 v 
1 v 
2 T 1523744860.266000 v 
1 v 
1 v 
1 v 
1 v 
1 v 
1 v 
1 v 
1 v 
1 v 
1 v 
1 v 
1 v 
1 v 
1 v 
1 v 
1 v 
1 v 
1 v 
1 v 
1 v 
1 v 
1 v 
1 v 
1 v 
1 v 
1 v 
1 v 
1 v 
1 v 
1 v 
1 v 
1 v 
1 v 
1 v 
1 v 
1 v 
1 v 
1 v 
0  
1  mm 966 440
1  mm 1010 460
2  kd 27 1010 460 ku 27 1010 460
1  mm 1008 458
1  mm 1005 453
1  mm 1000 445
1  mm 999 442
1  mm 997 438
1  mm 996 430
1  mm 998 417
1  mm 1012 397
1  mm 1027 371
1  mm 1034 362
1  mm 1039 355
1  mm 1052 346
1  mm 1061 344
1  mm 1069 341
1  mm 1081 339
1  mm 1088 339
1  mm 1094 339
1  mm 1098 339
1  mm 1101 339
1  mm 1104 339
1  mm 1107 339
1  mm 1108 339
1  mm 1109 339
1  mm 1111 339
0  
0  
1  mm 1111 338
0  
0  
0  
0  
1  mm 1112 336
1  mm 1114 333
0  
0  
0  
0  
0  
0  
0  
0  
0  
0  
0  
0  
0  
0  
0  
0  
0  
0  
0  
0  
0  
0  
0  
0  
1 T 1523744883.477000 
0  
0  
0  
0  
0  
0  
0  
0  
0  
0  
0  
0  
0  
0  
0  
0  
0  
0  
0  
0  
0  
0  
0  
0  
0  
0  
0  
0  
0  
0  
0  
0  
0  
0  
0  
0  
0  
0  
0  
0  
0  
0  
0  
0  
0  
0  
0  
0  
0  
0  
0  
0  
0  
0  
0  
0  
0  
0  
0  
0  
0  
0  
0  
0  
0  
0  
0  
0  
0  
0  
0  
0  
0  
0  
0  
0  
0  
0  
0  
0  
0  
0  
0  
0  
0  
0  
0  
0  
0  
0  
0  
0  
0  
0  
0  
0  
0  
0  
0  
1 T 1523744885.077000 
0  
0  
0  
0  
0  
0  
0  
0  
0  
0  
0  
0  
0  
0  
0  
0  
0  
0  
0  
0  
0  
0  
0  
0  
0  
0  
0  
0  
0  
0  
0  
0  
0  
0  
0  
0  
0  
0  
0  
0  
0  
0  
0  
0  
0  
0  
0  
0  
0  
0  
0  
0  
0  
0  
0  
0  
0  
0  
0  
0  
0  
0  
0  
0  
0  
0  
0  
0  
0  
0  
0  
0  
0  
0  
0  
0  
0  
0  
0  
0  
0  
0  
0  
0  
0  
0  
0  
0  
0  
0  
0  
0  
0  
0  
0  
0  
0  
0  
0  
1 T 1523744886.676000 
0  
0  
0  
0  
0  
0  
0  
0  
0  
0  
0  
0  
0  
0  
0  
0  
0  
0  
0  
0  
0  
0  
0  
0  
0  
0  
0  
0  
0  
0  
0  
0  
0  
0  
0  
0  
0  
0  
0  
0  
0  
0  
0  
0  
0  
0  
0  
0  
0  
0  
0  
0  
0  
0  
0  
0  
0  
0  
0  
0  
0  
0  
0  
0  
0  
0  
0  
0  
0  
0  
0  
0  
0  
0  
0  
0  
0  
0  
0  
0  
0  
0  
0  
0  
0  
0  
0  
0  
0  
0  
0  
0  
0  
0  
0  
0  
0  
0  
0  
1 T 1523744888.277000 
0  
0  
0  
0  
0  
0  
0  
0  
0  
0  
0  
0  
0  
0  
0  
0  
0  
0  
0  
0  
0  
0  
0  
0  
0  
0  
0  
0  
0  
0  
0  
0  
0  
0  
0  
0  
0  
0  
0  
0  
0  
0  
0  
0  
0  
0  
0  
0  
0  
0  
0  
0  
0  
0  
0  
0  
0  
0  
0  
0  
0  
0  
0  
0  
0  
0  
0  
0  
0  
0  
0  
0  
0  
0  
0  
0  
0  
0  
0  
0  
0  
0  
0  
0  
0  
0  
0  
0  
0  
0  
0  
0  
0  
0  
0  
0  
0  
0  
0  
1 T 1523744889.876000 
0  
0  
0  
0  
0  
0  
0  
0  
0  
0  
0  
0  
0  
0  
0  
0  
0  
0  
0  
0  
0  
0  
0  
0  
0  
0  
0  
0  
0  
0  
0  
0  
0  
0  
0  
0  
0  
0  
0  
0  
0  
0  
0  
0  
0  
0  
0  
0  
0  
0  
0  
0  
0  
0  
0  
0  
0  
0  
0  
0  
0  
0  
0  
0  
0  
0  
0  
0  
0  
0  
0  
0  
0  
0  
0  
0  
0  
0  
0  
0  
0  
0  
0  
0  
0  
0  
0  
1  mm 1144 323
1  mm 1182 310
1  mm 1248 294
1  mm 1269 290
1  mm 1288 288
1  mm 1294 287
1  mm 1301 287
1  mm 1307 287
1  mm 1308 287
1  mm 1309 287
1  mm 1312 287
1  mm 1312 285
1 T 1523744891.477000 
0  
0  
0  
0  
0  
0  
0  
0  
0  
0  
0  
0  
0  
1  mb 1 1 1312 285
0  
0  
0  
0  
0  
0  
0  
0  
0  
0  
0  
0  
1  mb 1 0 1312 285
3 af 122 af 125 af 128 
2 af 123 af 127 
2 af 124 af 130 
1 af 126 
1 af 129 
0  
0  
0  
0  
0  
0  
0  
0  
0  
0  
0  
0  
0  
0  
0  
0  
0  
0  
0  
0  
0  
0  
0  
0  
0  
0  
0  
0  
0  
0  
0  
0  
0  
0  
0  
0  
0  
0  
0  
0  
0  
0  
0  
1  mm 1304 287
1  mm 1298 287
1  mm 1293 289
1  mm 1287 292
1  mm 1284 292
1  mm 1280 292
1  mm 1277 292
1  mm 1276 292
1  mm 1270 292
1  mm 1264 292
1  mm 1248 292
1  mm 1233 292
1  mm 1215 292
1  mm 1197 289
1  mm 1188 287
1  mm 1181 284
1  mm 1171 282
1  mm 1167 280
1  mm 1161 279
1  mm 1158 277
1  mm 1156 276
1  mm 1153 276
1  mm 1152 276
1  mm 1151 276
2 T 1523744893.085000 mm 1149 276
1  mm 1148 276
0  
0  
0  
0  
0  
0  
0  
0  
0  
0  
0  
0  
0  
0  
0  
0  
0  
0  
0  
0  
0  
0  
0  
0  
0  
0  
0  
0  
0  
0  
0  
0  
0  
0  
0  
0  
0  
0  
0  
0  
0  
0  
0  
0  
0  
0  
0  
0  
0  
0  
0  
0  
0  
0  
0  
0  
0  
0  
0  
0  
0  
0  
0  
0  
0  
0  
0  
0  
0  
0  
0  
0  
0  
0  
0  
0  
0  
0  
0  
0  
0  
0  
0  
0  
0  
0  
0  
0  
0  
0  
0  
0  
0  
0  
0  
0  
0  
0  
1 T 1523744894.686000 
0  
0  
0  
0  
0  
0  
0  
0  
0  
0  
0  
0  
0  
0  
0  
0  
0  
0  
0  
0  
0  
0  
0  
0  
0  
0  
0  
0  
0  
0  
0  
0  
0  
0  
0  
0  
0  
0  
0  
0  
0  
0  
0  
0  
0  
0  
0  
0  
0  
0  
0  
0  
0  
0  
0  
0  
0  
0  
0  
0  
0  
0  
0  
0  
0  
0  
0  
0  
0  
0  
0  
0  
0  
0  
0  
0  
0  
0  
0  
0  
0  
0  
0  
0  
0  
0  
0  
0  
0  
0  
0  
0  
0  
0  
0  
0  
0  
0  
0  
1 T 1523744896.287000 
0  
0  
0  
0  
0  
0  
0  
0  
0  
0  
0  
0  
0  
0  
0  
0  
0  
0  
0  
0  
0  
0  
0  
0  
0  
0  
0  
0  
0  
0  
0  
0  
0  
0  
0  
0  
0  
0  
0  
0  
0  
0  
0  
0  
0  
0  
0  
0  
0  
0  
0  
0  
0  
0  
0  
0  
0  
0  
0  
0  
0  
0  
0  
0  
0  
0  
0  
0  
0  
0  
0  
0  
0  
0  
0  
0  
0  
0  
0  
0  
0  
0  
0  
0  
0  
0  
0  
0  
0  
0  
0  
0  
0  
0  
0  
0  
0  
0  
0  
1 T 1523744897.888000 
0  
0  
0  
0  
0  
0  
0  
0  
0  
0  
0  
0  
0  
0  
0  
0  
0  
0  
0  
0  
0  
0  
0  
0  
0  
0  
0  
0  
0  
0  
0  
0  
0  
0  
0  
0  
0  
0  
0  
0  
0  
0  
0  
0  
0  
0  
0  
0  
0  
0  
0  
0  
0  
0  
0  
0  
0  
0  
0  
0  
0  
0  
0  
0  
0  
0  
0  
0  
0  
0  
0  
0  
0  
0  
0  
0  
0  
0  
0  
0  
0  
0  
0  
0  
0  
0  
0  
0  
0  
0  
0  
0  
0  
0  
0  
0  
0  
0  
0  
1 T 1523744899.489000 
0  
0  
0  
0  
0  
0  
0  
0  
0  
0  
0  
0  
0  
0  
0  
0  
0  
0  
0  
0  
0  
0  
0  
0  
0  
0  
0  
0  
0  
0  
0  
0  
0  
0  
0  
0  
0  
0  
0  
0  
0  
0  
0  
0  
0  
0  
0  
0  
0  
0  
0  
0  
0  
0  
0  
0  
0  
0  
0  
0  
0  
0  
0  
0  
0  
0  
0  
0  
0  
0  
0  
0  
0  
0  
0  
0  
0  
0  
0  
0  
0  
0  
0  
0  
0  
0  
0  
0  
0  
0  
0  
0  
0  
0  
0  
0  
0  
0  
0  
1 T 1523744901.090000 
0  
0  
0  
0  
0  
0  
0  
0  
0  
0  
0  
0  
0  
0  
0  
0  
0  
0  
0  
0  
0  
0  
0  
0  
0  
0  
0  
0  
0  
0  
0  
0  
0  
0  
0  
0  
0  
0  
0  
0  
0  
0  
0  
0  
0  
0  
0  
0  
0  
0  
0  
0  
0  
0  
0  
0  
0  
0  
0  
0  
0  
0  
0  
0  
0  
0  
0  
0  
0  
0  
0  
0  
0  
0  
0  
0  
0  
0  
0  
0  
0  
0  
0  
0  
0  
0  
0  
0  
0  
0  
0  
0  
0  
0  
0  
0  
0  
0  
0  
1 T 1523744902.689000 
0  
0  
0  
0  
0  
0  
0  
0  
0  
0  
0  
0  
0  
0  
0  
0  
0  
0  
0  
0  
0  
0  
0  
0  
0  
0  
0  
0  
0  
0  
0  
0  
0  
0  
0  
0  
0  
0  
0  
0  
0  
0  
0  
0  
0  
0  
0  
0  
0  
0  
0  
0  
0  
0  
0  
0  
0  
0  
0  
0  
0  
0  
0  
0  
0  
0  
0  
0  
0  
0  
0  
0  
0  
0  
0  
0  
0  
0  
0  
0  
0  
0  
0  
0  
0  
0  
0  
0  
0  
0  
0  
0  
0  
0  
0  
0  
0  
0  
0  
1 T 1523744904.290000 
0  
0  
0  
0  
0  
0  
0  
0  
0  
0  
0  
0  
0  
0  
0  
0  
0  
0  
0  
0  
0  
0  
0  
0  
0  
0  
0  
0  
0  
0  
0  
0  
0  
0  
0  
0  
0  
0  
0  
0  
0  
0  
0  
0  
0  
0  
0  
0  
0  
0  
0  
0  
0  
0  
0  
0  
0  
0  
0  
0  
0  
0  
0  
0  
0  
0  
0  
0  
0  
0  
0  
0  
0  
0  
0  
0  
0  
0  
0  
0  
0  
0  
0  
0  
0  
0  
0  
0  
0  
0  
0  
0  
0  
0  
0  
0  
0  
0  
0  
1 T 1523744905.890000 
0  
0  
0  
0  
0  
0  
0  
0  
0  
0  
0  
0  
0  
0  
0  
0  
0  
0  
0  
0  
0  
0  
0  
0  
0  
0  
0  
0  
0  
0  
0  
0  
0  
0  
0  
0  
0  
0  
0  
0  
0  
0  
0  
0  
0  
0  
0  
0  
0  
0  
0  
0  
0  
0  
0  
0  
0  
0  
0  
0  
0  
0  
0  
0  
0  
0  
0  
0  
0  
0  
0  
0  
0  
0  
0  
0  
0  
0  
0  
0  
0  
0  
0  
0  
0  
0  
0  
0  
0  
0  
0  
0  
0  
0  
0  
0  
0  
0  
0  
1 T 1523744907.491000 
0  
0  
0  
0  
0  
0  
0  
0  
0  
0  
0  
0  
0  
0  
0  
0  
0  
0  
0  
0  
0  
0  
0  
0  
0  
0  
0  
0  
0  
0  
0  
0  
0  
0  
0  
0  
0  
0  
0  
0  
0  
0  
0  
0  
0  
0  
0  
0  
0  
0  
0  
0  
0  
0  
0  
0  
0  
0  
0  
0  
0  
0  
0  
0  
0  
0  
0  
0  
0  
0  
0  
0  
0  
0  
0  
0  
0  
0  
0  
0  
0  
0  
0  
0  
0  
0  
0  
0  
0  
0  
0  
0  
0  
0  
0  
0  
0  
0  
0  
1 T 1523744909.091000 
0  
0  
0  
0  
0  
0  
0  
0  
0  
0  
0  
0  
0  
0  
0  
0  
0  
0  
0  
0  
0  
0  
0  
0  
0  
0  
0  
0  
0  
0  
0  
0  
0  
0  
0  
0  
0  
0  
0  
0  
0  
0  
0  
0  
0  
0  
0  
0  
0  
0  
0  
0  
0  
0  
0  
0  
0  
0  
0  
0  
0  
0  
0  
0  
0  
0  
0  
0  
0  
0  
0  
0  
0  
0  
0  
0  
0  
0  
0  
0  
0  
0  
0  
0  
0  
0  
0  
0  
0  
0  
0  
0  
0  
0  
0  
0  
0  
0  
0  
1 T 1523744910.690000 
0  
0  
0  
0  
0  
0  
0  
0  
0  
0  
0  
0  
0  
1  mb 1 1 1148 276
0  
0  
0  
0  
0  
0  
0  
0  
0  
0  
0  
0  
1  mb 1 0 1148 276
1 af 131 
1 af 132 
1 af 133 
0  
0  
0  
0  
0  
0  
0  
0  
0  
0  
0  
0  
1  mm 1146 278
1  mm 1137 291
1  mm 1132 302
1  mm 1123 316
1  mm 1119 323
1  mm 1118 326
1  mm 1115 330
1  mm 1115 333
1  mm 1118 336
1  mm 1132 343
1  mm 1148 347
1  mm 1186 349
1  mm 1210 349
1  mm 1225 349
1  mm 1239 349
1  mm 1244 349
1  mm 1248 351
1  mm 1254 351
1  mm 1258 351
1  mm 1261 351
1  mm 1264 351
2  mm 1267 351 mm 1268 351
1  mm 1270 351
1  mm 1273 351
1  mm 1276 351
1  mm 1280 350
1  mm 1286 348
1  mm 1305 347
1  mm 1329 344
1  mm 1355 348
1  mm 1368 351
1  mm 1379 355
1  mm 1399 357
1  mm 1420 361
1  mm 1441 363
1  mm 1454 363
1  mm 1458 363
1  mm 1461 363
1  mm 1462 363
1  mm 1464 363
0  
0  
0  
0  
0  
0  
0  
0  
0  
0  
0  
0  
0  
0  
0  
0  
0  
2 T 1523744912.292000 mm 1462 363
1  mm 1451 359
1  mm 1443 358
1  mm 1442 356
1  mm 1437 355
1  mm 1436 355
1  mm 1435 355
1  mm 1433 355
1  mm 1433 353
1  mm 1435 352
0  
0  
0  
0  
0  
0  
0  
0  
0  
0  
0  
0  
1  mb 1 1 1435 352
0  
0  
0  
0  
0  
0  
0  
0  
0  
0  
0  
0  
1  mb 1 0 1435 352
0  
0  
0  
0  
0  
1  kd 8 1435 352
0  
0  
0  
0  
0  
0  
0  
0  
0  
0  
0  
0  
0  
0  
0  
0  
0  
0  
0  
0  
0  
0  
0  
0  
0  
0  
0  
0  
0  
0  
0  
0  
0  
1 af 134 
0  
0  
0  
0  
0  
4 af 135 af 138 af 141 af 144 
3 af 136 af 140 af 145 
2 af 137 af 143 
12 af 139 af 147 af 150 af 153 af 156 af 159 af 162 af 165 af 168 af 171 af 174 ku 8 1435 352
7 af 142 af 149 af 154 af 158 af 163 af 167 af 172 
5 af 146 af 152 af 160 af 166 af 173 
3 af 148 af 157 af 169 
3 af 151 af 164 kd 102 1435 352
2 af 155 af 175 
1 af 161 
1 af 170 
0  
0  
0  
1  ku 102 1435 352
0  
0  
0  
0  
1 T 1523744913.893000 
0  
0  
0  
0  
0  
0  
0  
0  
0  
1  kd 8 1435 352
0  
0  
0  
1  ku 8 1435 352
0  
0  
0  
0  
1  kd 8 1435 352
1 af 176 
1 af 177 
0  
2  ku 8 1435 352 kd 102 1435 352
4 af 178 af 181 af 184 af 187 
3 af 179 af 183 af 188 
2 af 180 af 186 
1 af 182 
1 af 185 
1  ku 102 1435 352
0  
0  
0  
1  kd 108 1435 352
2 af 189 af 192 
1 af 190 
1 af 191 
0  
0  
0  
0  
1  ku 108 1435 352
1  kd 97 1435 352
0  
0  
0  
0  
1  kd 116 1435 352
1 af 193 
2 af 194 ku 97 1435 352
1 af 195 
0  
0  
1  ku 116 1435 352
0  
0  
0  
0  
0  
0  
0  
0  
0  
0  
0  
0  
0  
0  
1  kd 98 1435 352
0  
0  
0  
0  
1  ku 98 1435 352
0  
0  
0  
0  
0  
0  
0  
0  
0  
0  
0  
0  
0  
0  
0  
0  
0  
0  
0  
0  
1  kd 114 1435 352
0  
0  
0  
0  
1  ku 114 1435 352
2 T 1523744915.493000 kd 101 1435 352
0  
0  
0  
0  
1  ku 101 1435 352
0  
0  
0  
0  
0  
0  
0  
0  
0  
0  
1  kd 97 1435 352
0  
0  
0  
0  
0  
0  
0  
1  ku 97 1435 352
1  kd 100 1435 352
0  
0  
0  
0  
0  
0  
1  ku 100 1435 352
0  
0  
0  
0  
0  
0  
0  
0  
0  
0  
0  
0  
0  
0  
0  
0  
0  
0  
0  
0  
0  
0  
0  
0  
0  
0  
0  
0  
0  
0  
0  
0  
0  
0  
0  
0  
0  
0  
0  
0  
0  
0  
0  
0  
0  
0  
0  
0  
0  
0  
0  
0  
0  
0  
1  kd 8 1435 352
0  
0  
0  
0  
0  
0  
0  
0  
0  
0  
0  
0  
1 T 1523744917.092000 
0  
0  
0  
0  
0  
0  
0  
0  
0  
0  
0  
0  
0  
0  
0  
0  
0  
0  
0  
0  
0  
0  
0  
0  
0  
0  
0  
0  
0  
0  
0  
0  
0  
0  
0  
0  
0  
0  
0  
1  ku 8 1435 352
0  
0  
0  
0  
0  
0  
0  
0  
0  
0  
0  
0  
0  
0  
0  
0  
0  
0  
0  
0  
0  
0  
1  kd 102 1435 352
0  
0  
0  
1  ku 102 1435 352
0  
0  
0  
0  
0  
0  
0  
0  
0  
0  
0  
0  
0  
0  
0  
0  
0  
0  
0  
0  
1  kd 108 1435 352
0  
0  
0  
0  
0  
1  ku 108 1435 352
1  kd 97 1435 352
0  
0  
0  
0  
2 T 1523744918.693000 kd 116 1435 352
0  
1  ku 97 1435 352
0  
0  
0  
0  
2  ku 116 1435 352 kd 101 1435 352
0  
0  
0  
1  ku 101 1435 352
0  
0  
0  
0  
0  
0  
0  
0  
0  
0  
0  
0  
0  
0  
0  
0  
0  
0  
0  
0  
0  
0  
0  
0  
0  
0  
0  
0  
0  
1  mm 1433 353
1  mm 1424 356
1  mm 1418 359
1  mm 1413 361
1  mm 1410 362
1  mm 1407 364
0  
1  mm 1406 364
0  
0  
0  
0  
0  
0  
0  
0  
0  
0  
0  
0  
0  
0  
1  kd 8 1406 364
0  
0  
1  ku 8 1406 364
0  
0  
0  
0  
0  
0  
0  
0  
0  
0  
0  
0  
0  
0  
0  
0  
0  
0  
0  
0  
0  
0  
0  
0  
0  
0  
0  
0  
0  
0  
0  
1  mm 1406 372
1  mm 1402 381
2 T 1523744920.293000 mm 1399 392
1  mm 1395 408
1  mm 1395 417
1  mm 1392 425
1  mm 1392 431
1  mm 1390 442
1  mm 1386 461
1  mm 1386 471
1  mm 1385 480
1  mm 1381 488
1  mm 1381 493
1  mm 1381 504
1  mm 1381 515
1  mm 1381 528
1  mm 1381 535
1  mm 1381 540
1  mm 1381 543
1  mm 1381 544
1  mm 1381 546
0  
1  mm 1381 548
1  mm 1381 550
0  
1  mm 1381 551
1  mm 1381 553
0  
1  mm 1381 554
1  mm 1380 555
1  mm 1378 557
2  mm 1378 560 mm 1378 561
1  mm 1378 564
1  mm 1377 565
1  mm 1377 568
1  mm 1377 570
0  
0  
0  
0  
0  
0  
0  
0  
0  
0  
0  
0  
0  
0  
0  
0  
1  kd 98 1377 570
0  
0  
0  
0  
0  
1  ku 98 1377 570
0  
0  
0  
0  
0  
0  
0  
0  
0  
0  
0  
0  
0  
0  
0  
0  
1  kd 114 1377 570
0  
0  
0  
0  
1  ku 114 1377 570
0  
0  
0  
0  
0  
0  
0  
0  
0  
0  
0  
0  
0  
0  
0  
0  
1  mm 1380 561
1  mm 1391 528
1  mm 1392 519
1  mm 1394 514
1  mm 1396 508
2 T 1523744921.893000 mm 1397 506
1  mm 1398 501
1  mm 1398 499
0  
1  mm 1398 496
0  
1  mm 1398 494
1  mm 1398 491
1  mm 1398 490
0  
1  mm 1398 487
0  
1  mm 1398 486
1  mm 1398 483
1  mm 1397 483
1  mm 1397 480
1  mm 1397 479
0  
1  mm 1395 479
1  mm 1394 479
0  
0  
0  
0  
0  
0  
0  
0  
1  mb 1 1 1394 479
0  
0  
0  
0  
0  
0  
0  
0  
0  
0  
0  
0  
1  mb 1 0 1394 479
0  
0  
0  
0  
0  
0  
0  
0  
0  
0  
0  
0  
0  
0  
0  
0  
0  
0  
1  mm 1350 490
1  mm 1296 506
1  mm 1247 531
1  mm 1211 559
1  mm 1196 586
1  mm 1184 608
1  mm 1179 620
1  mm 1173 638
1  mm 1162 668
1  mm 1156 682
1  mm 1152 693
1  mm 1151 701
1  mm 1149 705
1  mm 1148 711
1  mm 1148 716
1  mm 1148 720
1  mm 1148 726
1  mm 1148 729
1  mm 1148 730
1  mm 1148 735
1  mm 1148 739
1  mm 1146 742
1  mm 1142 752
1  mm 1136 761
1  mm 1127 770
1  mm 1110 780
1  mm 1099 783
1  mm 1088 787
1  mm 1074 790
1  mm 1067 790
1  mm 1059 794
1  mm 1057 795
1  mm 1052 798
1  mm 1047 801
0  
0  
0  
0  
0  
0  
1 T 1523744923.493000 
0  
0  
0  
1  mb 1 1 1047 801
0  
0  
0  
0  
0  
0  
0  
0  
0  
0  
0  
0  
1  mb 1 0 1047 801
1 af 196 
1 af 197 
1 af 198 
1 af 199 
0  
0  
0  
0  
0  
0  
0  
0  
0  
0  
0  
0  
0  
0  
0  
0  
0  
0  
0  
0  
0  
0  
0  
1  mm 1043 773
1  mm 1041 749
2  mm 1036 724 mm 1034 714
1  mm 1030 695
1  mm 1030 680
1  mm 1026 659
1  mm 1026 647
1  mm 1024 630
1  mm 1024 620
1  mm 1024 613
1  mm 1024 607
1  mm 1024 605
1  mm 1024 602
1  mm 1024 599
1  mm 1024 598
1  mm 1023 596
1  mm 1021 596
1  mm 1013 597
1  mm 987 601
1  mm 965 605
1  mm 957 607
1  mm 949 609
1  mm 946 609
1  mm 943 609
1  mm 940 609
1  mm 939 609
1  mm 938 609
0  
0  
0  
0  
1  mm 938 608
1  mm 938 607
0  
0  
0  
0  
0  
0  
0  
0  
0  
0  
0  
0  
0  
0  
0  
0  
0  
0  
0  
0  
0  
0  
1 T 1523744925.093000 
0  
0  
0  
0  
0  
0  
0  
0  
0  
0  
0  
0  
0  
1  mm 933 607
1  mm 930 607
1  mm 926 607
1  mm 925 607
1  mm 923 605
1  mm 922 605
1  mm 922 604
0  
0  
0  
0  
0  
0  
0  
0  
0  
0  
0  
0  
1  mb 1 1 922 604
0  
0  
0  
0  
0  
0  
0  
0  
0  
0  
0  
0  
0  
1  mb 1 0 922 604
0  
0  
0  
0  
0  
0  
0  
0  
1  mm 913 613
1  mm 903 623
1  mm 896 630
1  mm 888 636
1  mm 885 641
1  mm 878 646
1  mm 870 649
1  mm 866 652
1  mm 861 655
1  mm 857 657
1  mm 852 658
1  mm 850 660
1  mm 844 660
1  mm 841 660
1  mm 838 660
1  mm 837 660
1  mm 835 660
1  mm 834 659
0  
0  
0  
0  
0  
0  
0  
1  mm 836 659
0  
0  
0  
0  
1  mm 837 659
1  mm 838 659
0  
0  
0  
1  mm 838 658
0  
0  
0  
0  
0  
0  
0  
0  
1 T 1523744926.695000 
0  
0  
1  mb 1 1 838 658
0  
0  
0  
0  
0  
0  
0  
0  
0  
0  
0  
0  
0  
1  mb 1 0 838 658
0  
0  
0  
0  
0  
0  
0  
0  
0  
0  
0  
0  
0  
0  
0  
0  
0  
0  
1  mm 843 658
1  mm 847 658
1  mm 850 658
1  mm 853 658
1  mm 856 658
0  
0  
0  
0  
0  
0  
0  
0  
0  
0  
0  
0  
1  mb 1 1 856 658
0  
0  
0  
0  
0  
0  
0  
0  
0  
0  
0  
0  
1  mb 1 0 856 658
0  
0  
0  
0  
0  
0  
0  
0  
0  
0  
0  
0  
0  
0  
0  
0  
0  
0  
0  
0  
0  
1  mm 859 655
1  mm 866 648
1  mm 874 641
1  mm 879 636
1  mm 885 632
1  mm 890 630
1  mm 893 627
1  mm 898 624
1  mm 901 623
1  mm 903 623
1  mm 907 620
0  
1 T 1523744928.294000 
0  
0  
0  
0  
0  
0  
0  
0  
0  
0  
0  
1  mb 1 1 907 620
0  
0  
0  
0  
0  
0  
0  
0  
0  
0  
0  
0  
1  mb 1 0 907 620
0  
0  
0  
0  
0  
0  
0  
0  
0  
0  
0  
0  
0  
0  
0  
0  
0  
0  
0  
0  
0  
0  
0  
0  
0  
0  
1  mm 925 616
1  mm 943 612
1  mm 954 608
1  mm 962 607
1  mm 965 605
1  mm 968 605
1  mm 971 604
1  mm 972 603
1  mm 974 598
1  mm 974 595
1  mm 974 589
1  mm 973 581
1  mm 972 579
1  mm 970 574
1  mm 969 571
1  mm 969 568
1  mm 969 565
1  mm 969 564
1  mm 969 561
1  mm 969 558
1  mm 970 557
1  mm 972 553
1  mm 973 550
1  mm 975 548
1  mm 975 544
1  mm 975 543
1  mm 976 541
1  mm 976 538
1  mm 978 538
1  mm 978 536
0  
0  
0  
0  
2  mm 979 537 mm 979 540
1  mm 979 545
1  mm 979 549
1  mm 979 561
1  mm 979 570
1  mm 979 578
1  mm 979 590
1  mm 978 599
1  mm 976 610
1  mm 975 617
1  mm 973 624
1  mm 973 625
0  
0  
1 T 1523744929.894000 
0  
0  
0  
0  
0  
0  
0  
0  
1  mb 1 1 973 625
0  
0  
0  
0  
0  
0  
0  
0  
0  
0  
0  
0  
1  mb 1 0 973 625
0  
0  
0  
0  
0  
0  
0  
0  
0  
1  mm 1061 571
1  mm 1144 522
1  mm 1155 513
1  mm 1166 503
1  mm 1184 491
1  mm 1213 474
1  mm 1255 452
1  mm 1269 447
1  mm 1282 439
1  mm 1297 426
1  mm 1304 420
1  mm 1309 418
1  mm 1311 415
1  mm 1314 412
1  mm 1318 409
1  mm 1323 404
1  mm 1326 401
1  mm 1337 391
1  mm 1346 382
1  mm 1359 371
1  mm 1364 366
1  mm 1368 363
1  mm 1371 358
1  mm 1374 356
1  mm 1377 354
1  mm 1378 353
1  mm 1380 351
1  mm 1381 351
1  mm 1383 351
1  mm 1384 351
1  mm 1385 351
1  mm 1387 351
1  mm 1388 351
1  mm 1390 351
1  mm 1391 351
1  mm 1393 351
1  mm 1396 343
0  
0  
0  
0  
0  
0  
0  
1  mb 1 1 1396 343
0  
0  
0  
0  
0  
0  
0  
0  
0  
0  
0  
0  
1  mb 1 0 1396 343
0  
0  
0  
0  
0  
0  
0  
0  
1  kd 8 1396 343
0  
1 T 1523744931.494000 
0  
0  
1  ku 8 1396 343
0  
0  
0  
0  
1  kd 8 1396 343
2 af 200 af 203 
1 af 201 
1 af 202 
0  
1  ku 8 1396 343
0  
0  
0  
0  
1  kd 8 1396 343
2 af 204 af 207 
1 af 205 
1 af 206 
1  ku 8 1396 343
0  
0  
0  
0  
0  
1  kd 8 1396 343
0  
0  
0  
0  
1  ku 8 1396 343
0  
0  
0  
0  
0  
1  kd 8 1396 343
4 af 208 af 211 af 214 af 217 
3 af 209 af 213 af 218 
2 af 210 af 216 
2 af 212 ku 8 1396 343
1 af 215 
0  
0  
0  
0  
1  kd 8 1396 343
1 af 219 
1 af 220 
0  
1  ku 8 1396 343
0  
0  
0  
0  
0  
0  
0  
0  
1  kd 104 1396 343
1 af 221 
2 af 222 af 225 
2 af 223 af 227 
2 af 224 af 229 
1 af 226 
2 af 228 kd 111 1396 343
1 af 230 
2 af 231 ku 104 1396 343
1 af 232 
2 af 233 af 236 
3 af 234 ku 111 1396 343 kd 116 1396 343
1 af 235 
2 af 237 af 240 
2 af 238 af 242 
2 af 239 af 244 
1 af 241 
2 af 243 ku 116 1396 343
1 af 245 
0  
0  
0  
0  
0  
0  
0  
0  
0  
0  
0  
0  
0  
0  
0  
0  
0  
0  
0  
1 T 1523744933.175000 
0  
0  
0  
0  
0  
0  
0  
0  
0  
0  
0  
0  
0  
0  
0  
0  
0  
0  
0  
0  
0  
0  
0  
0  
0  
0  
0  
0  
0  
0  
0  
0  
0  
0  
0  
0  
0  
0  
0  
0  
0  
0  
0  
0  
1  mm 1396 352
1  mm 1396 361
1  mm 1396 369
1  mm 1396 373
1  mm 1396 379
1  mm 1396 382
1  mm 1396 386
1  mm 1396 389
1  mm 1396 392
1  mm 1396 395
1  mm 1396 399
1  mm 1396 402
1  mm 1396 405
1  mm 1396 408
1  mm 1396 410
1  mm 1396 413
1  mm 1396 416
1  mm 1398 426
1  mm 1399 437
1  mm 1401 450
1  mm 1401 470
1  mm 1401 479
1  mm 1401 483
1  mm 1401 487
1  mm 1401 489
1  mm 1401 490
1  mm 1401 492
1  mm 1399 492
1  mm 1398 492
0  
0  
0  
1  mm 1398 491
1  mm 1398 490
1  mm 1398 488
1  mm 1398 487
1  mm 1398 486
1  mm 1398 484
1  mm 1398 483
1  mm 1398 481
0  
0  
1  mm 1398 480
0  
0  
0  
0  
0  
0  
0  
0  
0  
0  
0  
0  
2 T 1523744934.776000 mb 1 1 1398 480
0  
0  
0  
0  
0  
0  
0  
0  
0  
0  
0  
0  
1  mb 1 0 1398 480
1 af 246 
2 af 247 af 250 
2 af 248 af 252 
1 af 249 
1 af 251 
0  
0  
0  
0  
0  
0  
0  
0  
0  
0  
0  
0  
0  
0  
0  
0  
0  
1  mm 1393 482
1  mm 1361 499
1  mm 1269 533
1  mm 1227 546
1  mm 1185 559
1  mm 1098 575
1  mm 1047 583
1  mm 1000 589
1  mm 932 594
1  mm 908 596
1  mm 898 598
1  mm 889 599
1  mm 879 603
1  mm 864 605
1  mm 851 607
1  mm 839 608
1  mm 836 608
1  mm 834 608
1  mm 831 610
0  
0  
0  
0  
0  
0  
0  
0  
0  
0  
0  
0  
0  
0  
0  
0  
0  
0  
0  
1  mm 803 603
1  mm 790 599
1  mm 781 595
1  mm 771 592
1  mm 762 588
1  mm 745 581
1  mm 731 573
1  mm 720 568
1  mm 710 561
1  mm 705 558
1  mm 701 556
1  mm 697 555
1  mm 692 553
1  mm 684 551
1  mm 678 550
1  mm 672 550
1  mm 667 550
1  mm 663 550
1  mm 657 550
1  mm 651 550
1  mm 640 548
1  mm 628 548
1  mm 624 548
1  mm 618 548
1  mm 615 548
1  mm 612 548
1 T 1523744936.377000 
0  
0  
0  
0  
0  
0  
0  
0  
0  
0  
0  
0  
0  
0  
0  
0  
0  
0  
0  
0  
0  
0  
0  
0  
0  
0  
0  
0  
0  
0  
0  
0  
0  
0  
0  
0  
0  
0  
0  
0  
0  
0  
0  
0  
0  
0  
0  
0  
0  
0  
0  
0  
0  
0  
0  
0  
0  
0  
0  
0  
0  
0  
0  
0  
0  
0  
0  
0  
0  
0  
0  
0  
0  
0  
0  
0  
0  
0  
0  
0  
0  
0  
0  
0  
0  
0  
0  
0  
0  
0  
0  
0  
0  
0  
0  
0  
0  
0  
0  
1 T 1523744937.978000 
0  
0  
0  
0  
0  
0  
0  
0  
0  
0  
0  
0  
0  
0  
0  
0  
0  
0  
0  
0  
0  
0  
0  
0  
0  
0  
0  
0  
0  
0  
0  
0  
0  
0  
0  
0  
0  
0  
0  
0  
0  
0  
0  
0  
0  
0  
0  
0  
0  
0  
0  
0  
0  
0  
0  
0  
0  
0  
0  
0  
0  
0  
0  
0  
0  
0  
0  
0  
0  
0  
0  
0  
0  
0  
0  
0  
0  
0  
0  
0  
0  
0  
0  
0  
0  
0  
0  
0  
0  
0  
0  
0  
0  
0  
0  
0  
0  
0  
0  
1 T 1523744939.578000 
0  
0  
0  
0  
0  
0  
0  
0  
0  
0  
0  
0  
0  
0  
0  
0  
0  
0  
0  
0  
0  
0  
0  
0  
0  
0  
0  
0  
0  
0  
0  
0  
0  
0  
0  
0  
0  
0  
0  
0  
0  
0  
0  
0  
0  
0  
0  
0  
0  
0  
0  
0  
0  
0  
0  
0  
0  
0  
0  
0  
0  
0  
0  
0  
0  
0  
0  
0  
0  
0  
0  
0  
0  
0  
0  
0  
0  
0  
0  
0  
0  
0  
0  
0  
0  
0  
0  
0  
0  
0  
0  
0  
0  
0  
0  
0  
0  
0  
0  
1 T 1523744941.179000 
0  
0  
0  
0  
0  
0  
0  
0  
0  
0  
0  
0  
0  
0  
0  
0  
0  
0  
0  
0  
0  
0  
0  
1  mb 1 1 612 548
0  
0  
0  
0  
0  
0  
0  
0  
0  
0  
0  
0  
0  
1  mb 1 0 612 548
0  
0  
0  
0  
0  
0  
0  
0  
0  
0  
0  
0  
0  
0  
0  
0  
0  
0  
0  
0  
0  
0  
0  
0  
0  
0  
0  
0  
0  
0  
0  
0  
0  
0  
0  
0  
0  
0  
0  
0  
0  
0  
0  
0  
0  
0  
0  
0  
0  
0  
0  
0  
0  
0  
0  
0  
0  
0  
1  sd 117 612 548
0  
0  
3 T 1523744942.969000 v su 117 612 548
1 v 
1 v 
1 v 
1 v 
1 v 
1 v 
1 v 
1 v 
1 v 
1 v 
1 v 
1 v 
1 v 
1 v 
1 v 
1 v 
1 v 
1 v 
1 v 
1 v 
1 v 
1 v 
1 v 
1 v 
1 v 
1 v 
1 v 
1 v 
1 v 
1 v 
1 v 
1 v 
1 v 
1 v 
1 v 
1 v 
1 v 
1 v 
1 v 
1 v 
1 v 
1 v 
1 v 
1 v 
1 v 
1 v 
1 v 
1 v 
1 v 
1 v 
1 v 
1 v 
1 v 
1 v 
1 v 
1 v 
1 v 
1 v 
1 v 
1 v 
1 v 
1 v 
1 v 
1 v 
1 v 
1 v 
1 v 
1 v 
1 v 
1 v 
1 v 
1 v 
1 v 
1 v 
1 v 
1 v 
1 v 
1 v 
1 v 
1 v 
1 v 
1 v 
1 v 
1 v 
1 v 
1 v 
1 v 
1 v 
1 v 
1 v 
1 v 
1 v 
1 v 
1 v 
1 v 
1 v 
1 v 
1 v 
1 v 
2 T 1523744947.271000 v 
1 v 
1 v 
1 v 
1 v 
1 v 
1 v 
1 v 
1 v 
1 v 
1 v 
1 v 
1 v 
1 v 
1 v 
1 v 
1 v 
1 v 
1 v 
1 v 
1 v 
1 v 
1 v 
1 v 
1 v 
1 v 
1 v 
1 v 
1 v 
1 v 
1 v 
1 v 
1 v 
1 v 
1 v 
1 v 
1 v 
1 v 
1 v 
1 v 
1 v 
1 v 
1 v 
1 v 
1 v 
1 v 
1 v 
1 v 
1 v 
1 v 
1 v 
1 v 
1 v 
1 v 
1 v 
1 v 
1 v 
1 v 
1 v 
1 v 
1 v 
1 v 
1 v 
1 v 
1 v 
1 v 
1 v 
1 v 
1 v 
1 v 
1 v 
1 v 
1 v 
1 v 
1 v 
1 v 
1 v 
1 v 
1 v 
1 v 
1 v 
1 v 
1 v 
1 v 
1 v 
1 v 
1 v 
1 v 
1 v 
1 v 
1 v 
1 v 
1 v 
1 v 
1 v 
1 v 
1 v 
1 v 
1 v 
1 v 
2 T 1523744951.297000 v 
1 v 
1 v 
1 v 
1 v 
1 v 
1 v 
1 v 
1 v 
1 v 
1 v 
1 v 
1 v 
1 v 
1 v 
1 v 
1 v 
1 v 
1 v 
1 v 
1 v 
1 v 
1 v 
1 v 
1 v 
1 v 
1 v 
1 v 
1 v 
1 v 
1 v 
1 v 
1 v 
1 v 
1 v 
1 v 
1 v 
1 v 
1 v 
1 v 
1 v 
1 v 
1 v 
1 v 
1 v 
1 v 
1 v 
1 v 
1 v 
1 v 
1 v 
1 v 
1 v 
1 v 
1 v 
1 v 
1 v 
1 v 
1 v 
1 v 
1 v 
1 v 
1 v 
1 v 
1 v 
1 v 
1 v 
1 v 
1 v 
1 v 
1 v 
1 v 
1 v 
1 v 
1 v 
1 v 
1 v 
1 v 
1 v 
1 v 
1 v 
1 v 
1 v 
1 v 
1 v 
1 v 
1 v 
1 v 
1 v 
1 v 
1 v 
1 v 
1 v 
1 v 
1 v 
1 v 
1 v 
1 v 
1 v 
1 v 
2 T 1523744955.319000 v 
1 v 
1 v 
1 v 
1 v 
1 v 
1 v 
1 v 
1 v 
1 v 
1 v 
1 v 
1 v 
1 v 
1 v 
1 v 
1 v 
1 v 
1 v 
1 v 
1 v 
1 v 
1 v 
1 v 
1 v 
1 v 
1 v 
1 v 
1 v 
1 v 
1 v 
1 v 
1 v 
1 v 
1 v 
1 v 
1 v 
1 v 
1 v 
1 v 
1 v 
1 v 
1 v 
1 v 
1 v 
1 v 
1 v 
1 v 
1 v 
1 v 
1 v 
1 v 
1 v 
1 v 
1 v 
1 v 
1 v 
1 v 
1 v 
1 v 
1 v 
1 v 
1 v 
1 v 
1 v 
1 v 
1 v 
1 v 
1 v 
1 v 
1 v 
1 v 
1 v 
1 v 
1 v 
1 v 
1 v 
1 v 
1 v 
1 v 
1 v 
1 v 
1 v 
1 v 
1 v 
1 v 
1 v 
1 v 
1 v 
1 v 
1 v 
1 v 
1 v 
1 v 
0  
1  mm 579 610
1  mm 765 574
3  kd 27 765 565 ku 27 765 565 mm 765 565
0  
1  mm 766 560
2 T 1523745006.624000 mm 770 546
1  mm 771 535
1  mm 775 523
1  mm 778 514
1  mm 782 507
1  mm 785 495
1  mm 789 488
1  mm 790 481
1  mm 792 476
1  mm 793 471
1  mm 795 469
1  mm 796 466
1  mm 798 463
1  mm 798 458
0  
0  
0  
0  
0  
0  
0  
0  
0  
0  
0  
0  
0  
0  
0  
0  
0  
0  
0  
0  
0  
0  
0  
0  
0  
0  
0  
0  
0  
0  
0  
0  
0  
0  
0  
0  
0  
0  
0  
0  
0  
0  
0  
0  
0  
1  mm 850 432
1  mm 921 394
1  mm 941 381
1  mm 958 371
1  mm 965 366
1  mm 970 365
1  mm 973 362
1  mm 974 362
1  mm 977 358
1  mm 977 351
1  mm 974 340
1  mm 971 324
1  mm 967 315
1  mm 963 306
1  mm 962 300
1  mm 961 298
1  mm 961 293
1  mm 959 290
1  mm 959 287
1  mm 960 285
1  mm 968 281
1  mm 989 277
1  mm 1014 277
1  mm 1029 278
1  mm 1046 283
1  mm 1052 283
1  mm 1057 285
1  mm 1060 288
1  mm 1061 289
1  mm 1063 289
1  mm 1064 289
0  
0  
0  
0  
0  
0  
0  
0  
0  
0  
1 T 1523745008.224000 
0  
0  
0  
1  mm 1214 283
1  mm 1246 287
1  mm 1274 292
1  mm 1312 299
1  mm 1331 303
1  mm 1338 306
1  mm 1341 308
1  mm 1342 309
1  mm 1344 309
1  mm 1345 309
0  
0  
0  
1  mm 1345 311
0  
0  
0  
0  
0  
0  
1  mm 1345 312
1  mm 1345 313
1  mm 1345 315
1  mm 1345 316
1  mm 1346 318
1  mm 1348 320
1  mm 1349 325
1  mm 1351 326
1  mm 1352 328
1  mm 1354 329
1  mm 1355 330
1  mm 1356 332
1  mm 1358 333
1  mm 1359 335
1  mm 1361 336
1  mm 1362 338
1  mm 1363 339
1  mm 1363 340
0  
0  
0  
0  
0  
0  
0  
0  
0  
0  
0  
0  
1  mb 1 1 1363 340
0  
0  
0  
0  
0  
0  
0  
0  
0  
0  
0  
0  
0  
1  mb 1 0 1363 340
0  
0  
0  
0  
0  
0  
0  
0  
0  
0  
0  
0  
0  
0  
0  
0  
0  
0  
0  
0  
0  
0  
0  
0  
0  
0  
0  
0  
0  
1  kd 8 1363 340
3 af 253 af 256 af 259 
4 T 1523745009.896000 af 254 af 258 ku 8 1363 340
1 af 255 
1 af 257 
0  
0  
1  kd 8 1363 340
4 af 260 af 263 af 266 af 269 
2 af 261 af 265 
2 af 262 af 268 
2 af 264 ku 8 1363 340
1 af 267 
0  
0  
0  
0  
1  kd 8 1363 340
1 af 270 
1 af 271 
1 af 272 
0  
1  ku 8 1363 340
0  
0  
0  
0  
0  
0  
0  
0  
0  
0  
0  
0  
0  
0  
0  
0  
0  
0  
0  
0  
0  
0  
0  
0  
0  
0  
0  
0  
0  
0  
0  
0  
0  
0  
0  
0  
0  
0  
0  
0  
0  
0  
0  
0  
0  
0  
0  
0  
0  
0  
0  
0  
0  
0  
0  
0  
0  
0  
0  
0  
0  
0  
0  
0  
0  
0  
0  
0  
0  
0  
0  
0  
0  
0  
1  mm 1363 339
1  mm 1365 340
1  mm 1366 340
0  
0  
1 T 1523745011.495000 
0  
0  
0  
0  
0  
0  
0  
0  
0  
0  
0  
0  
0  
0  
0  
0  
0  
0  
0  
0  
0  
0  
0  
0  
0  
0  
0  
0  
0  
0  
0  
0  
0  
0  
0  
0  
0  
0  
0  
0  
0  
0  
0  
0  
0  
0  
0  
0  
0  
0  
0  
0  
0  
0  
0  
0  
0  
0  
0  
0  
0  
0  
0  
0  
0  
0  
0  
0  
0  
0  
0  
0  
0  
0  
0  
0  
0  
0  
0  
0  
0  
0  
0  
0  
0  
0  
0  
0  
0  
0  
0  
0  
0  
0  
0  
0  
0  
0  
0  
1 T 1523745013.095000 
0  
0  
0  
0  
0  
0  
0  
0  
0  
0  
0  
0  
0  
0  
0  
0  
0  
0  
0  
0  
0  
0  
0  
0  
0  
0  
0  
0  
0  
0  
0  
0  
0  
0  
0  
0  
0  
0  
0  
0  
0  
0  
0  
0  
0  
0  
0  
0  
0  
0  
1  kd 119 1366 340
10 af 273 af 276 af 279 af 282 af 285 af 288 af 291 af 294 af 297 af 300 
7 af 274 af 278 af 283 af 287 af 292 af 296 af 301 
4 af 275 af 281 af 289 af 295 
3 af 277 af 286 af 298 
3 af 280 af 293 ku 119 1366 340
1 af 284 
1 af 290 
1 af 299 
0  
0  
0  
1  kd 111 1366 340
4 af 302 af 305 af 308 af 311 
3 af 303 af 307 af 312 
2 af 304 af 310 
1 af 306 
1 af 309 
0  
1  ku 111 1366 340
0  
0  
0  
0  
0  
0  
0  
0  
0  
0  
0  
0  
0  
0  
0  
0  
0  
0  
0  
0  
0  
0  
0  
0  
0  
0  
0  
0  
0  
1 T 1523745014.697000 
0  
0  
1  kd 114 1366 340
1 af 313 
1 af 314 
1 af 315 
0  
1  ku 114 1366 340
0  
0  
0  
0  
0  
0  
0  
0  
0  
0  
0  
0  
0  
0  
0  
0  
0  
0  
0  
0  
0  
0  
0  
0  
0  
0  
0  
0  
0  
0  
0  
0  
0  
0  
0  
0  
0  
0  
0  
0  
0  
0  
0  
0  
0  
0  
0  
0  
0  
0  
0  
0  
0  
0  
1  kd 8 1366 340
0  
0  
1  ku 8 1366 340
0  
0  
0  
0  
0  
0  
0  
1  kd 8 1366 340
0  
0  
0  
0  
0  
1  ku 8 1366 340
0  
0  
0  
0  
0  
0  
1  kd 8 1366 340
0  
0  
0  
0  
1  ku 8 1366 340
0  
0  
0  
0  
0  
0  
0  
1 T 1523745016.297000 
0  
0  
0  
0  
0  
0  
0  
0  
0  
0  
0  
0  
0  
0  
0  
0  
0  
0  
0  
0  
0  
0  
0  
0  
0  
0  
0  
0  
0  
0  
0  
0  
0  
0  
0  
0  
0  
0  
0  
0  
0  
0  
0  
0  
0  
0  
0  
0  
0  
0  
0  
0  
0  
0  
0  
0  
0  
0  
0  
0  
0  
0  
0  
0  
0  
0  
0  
0  
0  
0  
0  
0  
0  
0  
0  
0  
0  
0  
0  
0  
0  
0  
0  
0  
0  
0  
0  
0  
0  
0  
0  
0  
0  
0  
0  
0  
0  
0  
0  
1 T 1523745017.897000 
0  
0  
0  
0  
0  
0  
0  
0  
0  
0  
0  
0  
1  kd 97 1366 340
1 af 316 
1 af 317 
1 af 318 
1 af 319 
0  
0  
0  
1  ku 97 1366 340
0  
0  
0  
0  
0  
0  
1  kd 109 1366 340
1 af 320 
2 af 321 af 324 
2 af 322 af 326 
1 af 323 
1 af 325 
0  
1  ku 109 1366 340
0  
0  
0  
0  
0  
0  
0  
0  
0  
0  
0  
0  
0  
0  
0  
1  kd 8 1366 340
0  
0  
0  
1  ku 8 1366 340
0  
0  
0  
0  
0  
1  kd 8 1366 340
0  
0  
0  
0  
2  ku 8 1366 340 kd 99 1366 340
12 af 327 af 330 af 333 af 336 af 339 af 342 af 345 af 348 af 351 af 354 af 357 af 360 
8 af 328 af 332 af 337 af 341 af 346 af 350 af 355 af 359 
7 af 329 af 335 af 343 af 349 af 356 af 362 kd 97 1366 340
6 af 331 af 340 af 352 af 361 af 365 af 368 
5 af 334 af 347 af 363 af 367 ku 99 1366 340
3 af 338 af 358 af 369 
2 af 344 af 366 
1 af 353 
1 af 364 
2  ku 97 1366 340 kd 109 1366 340
1 af 370 
1 af 371 
1 af 372 
1 af 373 
0  
0  
1  ku 109 1366 340
0  
0  
1  kd 101 1366 340
0  
0  
1  ku 101 1366 340
0  
0  
1  kd 108 1366 340
0  
0  
0  
0  
0  
1  ku 108 1366 340
0  
1 T 1523745019.498000 
0  
0  
0  
0  
0  
0  
0  
0  
0  
0  
0  
0  
0  
0  
0  
0  
0  
0  
0  
0  
0  
0  
0  
0  
0  
0  
0  
0  
0  
0  
0  
0  
0  
0  
0  
0  
0  
0  
0  
0  
0  
0  
0  
0  
0  
0  
0  
0  
0  
0  
0  
0  
0  
0  
0  
0  
0  
0  
0  
0  
0  
0  
0  
0  
0  
0  
0  
0  
0  
0  
0  
0  
0  
0  
0  
0  
0  
1  kd 61 1366 340
0  
0  
0  
0  
0  
0  
0  
0  
1  ku 61 1366 340
0  
0  
0  
0  
0  
0  
0  
0  
0  
0  
0  
0  
1 T 1523745021.190000 
0  
0  
0  
0  
0  
1  kd 8 1366 340
0  
0  
0  
0  
0  
0  
0  
0  
0  
0  
0  
0  
0  
0  
0  
0  
0  
0  
0  
0  
0  
0  
0  
0  
0  
0  
0  
0  
0  
0  
0  
0  
0  
0  
0  
0  
0  
0  
0  
0  
0  
0  
0  
0  
1  ku 8 1366 340
0  
0  
0  
0  
0  
1  kd 100 1366 340
1 af 374 
1 af 375 
1 af 376 
1 af 377 
1  ku 100 1366 340
0  
0  
0  
0  
0  
1  kd 114 1366 340
1 af 378 
2 af 379 af 382 
2 af 380 af 384 
2 af 381 af 386 
4 af 383 af 388 af 391 ku 114 1366 340
3 af 385 af 390 af 394 
3 af 387 af 393 af 397 
3 af 389 af 396 kd 111 1366 340
2 af 392 af 399 
2 af 395 af 401 
1 af 398 
1 af 400 
1 af 402 
1  ku 111 1366 340
0  
0  
0  
0  
0  
0  
0  
1  kd 109 1366 340
0  
0  
0  
0  
0  
0  
1  ku 109 1366 340
0  
0  
1 T 1523745022.790000 
0  
0  
0  
0  
0  
0  
0  
0  
0  
0  
0  
0  
0  
0  
0  
0  
0  
0  
0  
0  
0  
0  
0  
0  
0  
0  
0  
0  
0  
0  
0  
0  
0  
0  
0  
0  
0  
0  
0  
0  
0  
0  
0  
0  
0  
0  
0  
0  
0  
0  
0  
0  
0  
0  
0  
0  
0  
1  mm 1366 344
1  mm 1362 352
1  mm 1357 365
1  mm 1352 374
1  mm 1348 385
1  mm 1340 408
1  mm 1333 433
1  mm 1329 452
1  mm 1323 469
1  mm 1321 474
1  mm 1320 480
1  mm 1319 483
1  mm 1317 487
1  mm 1316 490
1  mm 1314 493
1  mm 1314 494
1  mm 1314 496
1  mm 1314 497
1  mm 1314 498
1  mm 1314 500
1  mm 1314 501
1  mm 1314 503
1  mm 1314 504
1  mm 1314 506
0  
0  
1  mm 1313 507
0  
0  
0  
0  
0  
0  
0  
0  
0  
0  
0  
0  
0  
0  
0  
1 T 1523745024.389000 
0  
0  
0  
0  
0  
0  
0  
0  
0  
0  
0  
0  
0  
0  
0  
0  
0  
0  
0  
0  
0  
1  mm 1314 512
1  mm 1319 521
1  mm 1324 529
1  mm 1327 534
1  mm 1328 537
1  mm 1330 541
1  mm 1331 542
1  mm 1332 544
1  mm 1332 545
1  mm 1332 546
1  mm 1332 548
1  mm 1332 549
0  
0  
0  
0  
0  
0  
0  
0  
0  
0  
0  
0  
0  
0  
0  
0  
0  
0  
0  
0  
0  
0  
0  
0  
0  
0  
0  
0  
0  
0  
0  
0  
0  
0  
0  
0  
0  
0  
0  
0  
0  
0  
0  
0  
0  
0  
0  
0  
0  
0  
0  
0  
0  
0  
0  
0  
0  
0  
0  
0  
0  
0  
0  
0  
0  
0  
1 T 1523745025.990000 
0  
0  
0  
0  
0  
0  
0  
0  
0  
0  
0  
0  
0  
0  
0  
0  
0  
0  
0  
0  
0  
0  
0  
0  
0  
0  
0  
0  
0  
0  
0  
0  
0  
0  
0  
0  
0  
0  
0  
0  
0  
0  
0  
0  
0  
0  
0  
0  
0  
0  
0  
0  
0  
0  
0  
0  
0  
0  
0  
0  
0  
0  
0  
0  
0  
0  
1  mb 1 1 1332 549
0  
0  
0  
0  
0  
0  
0  
0  
0  
0  
0  
0  
0  
1  mb 1 0 1332 549
0  
0  
0  
0  
0  
0  
0  
0  
0  
0  
0  
0  
0  
0  
0  
0  
0  
0  
1 T 1523745027.590000 
0  
0  
0  
0  
0  
1  mm 1274 605
1  mm 1228 635
1  mm 1189 656
1  mm 1165 671
1  mm 1158 674
1  mm 1152 679
1  mm 1149 680
1  mm 1144 683
1  mm 1137 688
1  mm 1132 689
1  mm 1129 689
1  mm 1123 689
1  mm 1122 689
1  mm 1119 689
1  mm 1116 689
1  mm 1115 689
1  mm 1115 687
1  mm 1112 686
1  mm 1110 684
1  mm 1109 680
1  mm 1108 679
1  mm 1108 676
2  mm 1106 673 mm 1105 672
1  mm 1105 669
1  mm 1105 666
1  mm 1105 660
1  mm 1105 657
1  mm 1107 654
1  mm 1108 648
1  mm 1110 646
1  mm 1114 638
1  mm 1118 631
1  mm 1119 627
1  mm 1124 620
1  mm 1127 616
1  mm 1129 613
1  mm 1136 605
1  mm 1141 600
1  mm 1153 590
1  mm 1170 579
1  mm 1179 573
1  mm 1186 570
1  mm 1200 566
1  mm 1207 565
1  mm 1211 561
1  mm 1219 558
1  mm 1222 555
1  mm 1232 552
1  mm 1236 549
1  mm 1241 546
1  mm 1249 543
1  mm 1254 540
1  mm 1258 538
1  mm 1264 535
1  mm 1269 535
1  mm 1271 532
1  mm 1274 532
1  mm 1277 531
0  
1  mm 1278 531
1  mm 1280 531
1  mm 1281 531
1  mm 1283 531
1  mm 1284 531
1  mm 1286 531
1  mm 1287 531
1  mm 1288 531
0  
0  
1  mm 1293 534
1  mm 1297 536
1  mm 1302 537
1  mm 1309 539
1  mm 1312 539
1  mm 1318 539
1  mm 1321 539
1  mm 1325 539
1  mm 1331 539
1  mm 1334 539
1  mm 1338 537
1  mm 1341 537
1  mm 1341 535
1  mm 1344 535
1  mm 1345 534
1  mm 1345 533
1  mm 1348 533
1  mm 1350 531
0  
0  
0  
0  
0  
0  
0  
1 T 1523745029.190000 
0  
0  
0  
0  
0  
0  
0  
0  
0  
0  
0  
0  
0  
0  
1  mb 1 1 1350 531
0  
0  
0  
0  
0  
0  
0  
0  
0  
0  
0  
0  
1  mb 1 0 1350 531
0  
0  
0  
0  
0  
0  
0  
0  
0  
0  
0  
0  
0  
0  
0  
0  
0  
1  mm 1350 527
1  mm 1353 519
1  mm 1355 508
1  mm 1358 503
1  mm 1359 496
1  mm 1361 493
1  mm 1361 491
0  
0  
0  
0  
0  
0  
0  
0  
0  
0  
0  
0  
1  mb 1 1 1361 491
0  
0  
0  
0  
0  
0  
0  
0  
0  
0  
0  
0  
