1523745288 seed, 60 fps, 1920x1080, fullScreen=1, version60_mouseSpeed1.000000_musicOff0_musicLoudness1.000000_webRetrySeconds16 6AE1F26D71B23CC4993473343583E646F47A27A7
3 T 1523745288.818000 mm 562 602 mm 763 557
1  mm 820 552
1  mm 1012 530
0  
0  
0  
0  
0  
0  
0  
0  
0  
0  
0  
0  
0  
0  
0  
0  
0  
0  
0  
0  
0  
0  
0  
0  
0  
0  
0  
0  
0  
0  
0  
0  
0  
0  
0  
0  
0  
0  
0  
0  
0  
1  mm 1011 530
1  mm 1008 530
0  
0  
0  
0  
0  
0  
0  
0  
0  
0  
0  
0  
0  
0  
0  
0  
0  
0  
0  
0  
0  
0  
0  
0  
0  
0  
0  
0  
0  
0  
0  
0  
0  
0  
0  
0  
0  
0  
0  
0  
0  
0  
0  
0  
0  
0  
0  
0  
0  
0  
0  
0  
0  
1 T 1523745291.727000 
0  
0  
0  
0  
0  
0  
0  
0  
0  
0  
0  
0  
0  
0  
0  
0  
2 af 0 af 3 
1 af 1 
1 af 2 
1 af 4 
0  
0  
0  
0  
0  
0  
0  
0  
0  
0  
0  
0  
0  
0  
0  
1  mm 1014 303
1  mm 1014 260
1  mm 1012 229
1  mm 1008 197
1  mm 1007 190
1  mm 1005 185
1  mm 1004 184
1  mm 1004 183
1  mm 1003 181
1  mm 1001 180
1  mm 1000 180
1  mm 998 178
1  mm 997 178
1  mm 996 178
1  mm 994 178
0  
1  mm 993 178
1  mm 991 179
1  mm 990 182
1  mm 985 190
1  mm 979 207
1  mm 974 218
2  mm 970 227 mm 970 228
1  mm 969 232
1  mm 967 234
1  mm 966 238
1  mm 964 241
1  mm 963 244
1  mm 962 245
0  
0  
0  
0  
0  
0  
0  
0  
0  
0  
0  
0  
1  mb 1 1 962 245
0  
0  
0  
0  
0  
0  
0  
0  
0  
0  
0  
0  
0  
0  
0  
0  
1  md 962 253
1  md 962 257
1  md 960 262
1  md 959 268
1  md 961 271
1  mb 1 0 961 271
1 T 1523745293.994000 
0  
0  
0  
0  
0  
0  
0  
0  
1  mb 1 1 961 271
0  
0  
0  
0  
0  
0  
0  
0  
0  
0  
0  
0  
1  mb 1 0 961 271
2 af 5 af 8 
1 af 6 
1 af 7 
0  
0  
0  
0  
0  
0  
0  
0  
0  
0  
0  
0  
0  
0  
0  
0  
0  
0  
0  
0  
0  
0  
0  
0  
0  
0  
0  
0  
0  
0  
0  
0  
0  
0  
0  
0  
0  
0  
0  
0  
0  
1  mm 962 271
0  
0  
0  
1  mm 963 271
1  mm 965 271
1  mm 966 271
1  mm 969 272
1  mm 972 274
1  mm 975 275
1  mm 976 277
1  mm 982 278
1  mm 987 280
1  mm 989 281
1  mm 997 284
1  mm 1002 286
1  mm 1011 291
1  mm 1041 302
1  mm 1067 313
1  mm 1095 326
1  mm 1108 332
1  mm 1117 335
2  mm 1124 339 mm 1129 341
1  mm 1138 342
1  mm 1144 344
1  mm 1154 346
1  mm 1163 348
1  mm 1174 349
1  mm 1188 349
1  mm 1196 349
1  mm 1206 349
1  mm 1211 349
1  mm 1217 349
2 T 1523745295.622000 mm 1225 349
1  mm 1229 349
1  mm 1232 349
1  mm 1238 349
1  mm 1241 349
1  mm 1244 349
1  mm 1246 349
1  mm 1249 349
1  mm 1252 349
1  mm 1253 349
1  mm 1255 349
1  mm 1259 349
1  mm 1262 349
1  mm 1265 349
1  mm 1271 349
1  mm 1275 349
1  mm 1278 349
1  mm 1284 348
1  mm 1287 346
1  mm 1291 345
1  mm 1296 345
1  mm 1300 345
1  mm 1306 345
1  mm 1309 345
1  mm 1313 345
1  mm 1316 345
1  mm 1319 345
1  mm 1320 345
1  mm 1322 345
0  
0  
0  
0  
0  
0  
0  
0  
0  
0  
0  
0  
0  
0  
0  
0  
0  
0  
0  
0  
0  
0  
0  
0  
0  
0  
0  
0  
1  mb 1 1 1322 345
0  
0  
0  
0  
0  
0  
0  
0  
0  
0  
0  
0  
1  mb 1 0 1322 345
0  
0  
0  
0  
0  
0  
0  
0  
0  
0  
0  
0  
0  
0  
0  
0  
0  
0  
0  
0  
0  
0  
0  
0  
0  
0  
0  
0  
0  
1 T 1523745297.222000 
0  
0  
0  
0  
0  
0  
0  
0  
0  
0  
0  
0  
0  
0  
0  
0  
0  
0  
0  
0  
0  
0  
0  
0  
0  
0  
0  
0  
0  
0  
0  
0  
0  
0  
0  
0  
0  
0  
0  
0  
0  
0  
0  
0  
1  mm 1329 354
1  mm 1339 368
1  mm 1350 383
1  mm 1353 388
1  mm 1357 394
1  mm 1360 396
1  mm 1362 399
1  mm 1363 401
1  mm 1364 402
0  
0  
0  
0  
0  
0  
0  
0  
0  
0  
1  mb 1 1 1364 402
0  
0  
0  
0  
0  
0  
0  
0  
0  
0  
0  
0  
0  
1  mb 1 0 1364 402
2 af 9 af 10 
2 af 11 af 12 
2 af 13 af 14 
2 af 15 af 16 
2 af 17 af 18 
0  
0  
0  
0  
0  
0  
0  
0  
0  
0  
0  
0  
0  
0  
0  
0  
1 T 1523745298.822000 
0  
0  
0  
0  
0  
0  
0  
0  
0  
0  
0  
0  
0  
0  
0  
0  
0  
0  
0  
0  
0  
1  mm 1364 399
1  mm 1364 394
1  mm 1364 390
1  mm 1363 387
1  mm 1363 384
1  mm 1363 381
1  mm 1363 380
0  
1  mm 1363 377
1  mm 1363 376
0  
0  
1  mm 1363 374
0  
1  mm 1363 373
0  
0  
1  mm 1363 372
0  
0  
0  
0  
0  
1  mm 1363 370
1  mm 1363 369
0  
0  
0  
0  
0  
0  
0  
0  
0  
0  
0  
0  
0  
0  
1  mb 1 1 1363 369
0  
0  
0  
0  
0  
0  
0  
0  
0  
0  
0  
0  
0  
1  mb 1 0 1363 369
0  
0  
0  
0  
0  
0  
0  
0  
0  
0  
0  
0  
0  
0  
0  
0  
0  
0  
0  
0  
0  
0  
0  
0  
1 T 1523745300.422000 
0  
0  
0  
0  
0  
0  
0  
0  
0  
0  
0  
0  
0  
0  
0  
0  
0  
0  
0  
0  
0  
0  
0  
0  
0  
0  
0  
0  
0  
0  
0  
0  
0  
0  
0  
0  
0  
0  
0  
0  
0  
0  
0  
0  
0  
0  
0  
0  
0  
0  
0  
0  
0  
0  
0  
0  
0  
0  
0  
0  
0  
0  
0  
0  
0  
0  
0  
0  
0  
0  
0  
0  
0  
0  
0  
0  
0  
0  
0  
0  
0  
0  
0  
0  
0  
0  
0  
0  
0  
0  
0  
0  
0  
0  
0  
0  
0  
0  
0  
1 T 1523745302.022000 
0  
0  
0  
0  
0  
0  
0  
0  
0  
0  
0  
0  
0  
0  
0  
0  
0  
0  
0  
0  
0  
0  
0  
0  
0  
0  
0  
0  
0  
0  
0  
0  
0  
0  
0  
0  
0  
0  
0  
0  
0  
0  
0  
0  
0  
0  
0  
0  
0  
0  
0  
0  
0  
0  
0  
0  
0  
0  
0  
0  
0  
0  
0  
0  
0  
0  
0  
0  
0  
0  
0  
0  
0  
0  
0  
0  
0  
0  
0  
0  
0  
0  
0  
0  
0  
0  
0  
0  
0  
0  
0  
0  
0  
0  
0  
0  
0  
0  
0  
1 T 1523745303.622000 
0  
0  
0  
0  
0  
0  
0  
0  
0  
0  
0  
0  
0  
0  
0  
0  
0  
0  
0  
0  
0  
0  
0  
0  
0  
0  
0  
0  
0  
0  
0  
0  
0  
0  
0  
0  
0  
0  
0  
0  
0  
0  
0  
0  
0  
0  
0  
0  
0  
0  
0  
0  
0  
0  
0  
0  
0  
0  
0  
0  
0  
0  
0  
0  
0  
0  
0  
0  
0  
0  
0  
0  
0  
0  
0  
0  
0  
0  
0  
0  
0  
0  
0  
0  
0  
0  
0  
0  
0  
0  
0  
0  
0  
0  
0  
0  
0  
0  
0  
1 T 1523745305.223000 
0  
0  
1  kd 100 1363 369
5 af 19 af 22 af 25 af 28 af 31 
3 af 20 af 24 af 29 
2 af 21 af 27 
2 af 23 af 32 
2 af 26 ku 100 1363 369
1 af 30 
0  
0  
0  
0  
0  
0  
0  
0  
0  
0  
0  
1  kd 114 1363 369
10 af 33 af 36 af 39 af 42 af 45 af 48 af 51 af 54 af 57 af 60 
6 af 34 af 38 af 43 af 47 af 52 af 56 
4 af 35 af 41 af 49 af 55 
3 af 37 af 46 af 58 
3 af 40 af 53 ku 114 1363 369
1 af 44 
2 af 50 kd 111 1363 369
4 af 59 af 63 af 66 af 69 
3 af 61 af 65 af 70 
2 af 62 af 68 
1 af 64 
1 af 67 
1  kd 109 1363 369
1  ku 111 1363 369
0  
0  
0  
1  ku 109 1363 369
0  
0  
0  
0  
0  
0  
0  
0  
0  
0  
0  
0  
0  
0  
0  
0  
0  
0  
0  
0  
0  
0  
0  
0  
0  
0  
0  
0  
0  
0  
0  
0  
0  
0  
0  
0  
0  
0  
0  
0  
0  
0  
0  
0  
0  
0  
0  
0  
0  
0  
0  
0  
0  
0  
0  
0  
0  
0  
0  
0  
1 T 1523745306.823000 
0  
0  
0  
0  
0  
0  
0  
0  
0  
0  
0  
0  
0  
0  
0  
0  
0  
0  
0  
0  
0  
0  
0  
0  
0  
0  
1  mm 1374 411
1  mm 1393 496
1  mm 1400 515
1  mm 1405 529
1  mm 1408 536
1  mm 1410 543
1  mm 1418 569
1  mm 1423 601
1  mm 1428 629
1  mm 1437 665
1  mm 1437 678
1  mm 1437 687
1  mm 1437 692
1  mm 1437 695
1  mm 1437 697
1  mm 1437 699
1  mm 1437 700
1  mm 1437 702
1  mm 1437 703
1  mm 1437 705
0  
0  
0  
0  
0  
0  
0  
0  
0  
0  
0  
0  
1  mm 1436 709
1  mm 1435 712
1  mm 1435 713
1  mm 1435 716
0  
1  mm 1435 717
1  mm 1435 720
0  
1  mm 1435 723
0  
1  mm 1435 725
1  mm 1435 726
0  
1  mm 1435 727
0  
0  
1  mm 1435 729
1  mm 1435 730
1  mm 1435 732
1  mm 1435 733
1  mm 1435 734
1  mm 1435 736
1  mm 1435 739
0  
1  mm 1434 740
0  
0  
0  
0  
0  
0  
0  
0  
0  
0  
0  
0  
0  
0  
0  
0  
1 T 1523745308.425000 
0  
0  
0  
0  
0  
0  
0  
0  
0  
0  
0  
0  
0  
0  
0  
0  
0  
0  
0  
0  
0  
0  
0  
0  
0  
0  
0  
0  
0  
0  
0  
0  
0  
0  
0  
0  
0  
0  
0  
0  
0  
0  
0  
0  
0  
0  
0  
0  
0  
0  
0  
0  
0  
0  
0  
1  mb 1 1 1434 740
0  
0  
0  
0  
0  
0  
0  
0  
0  
0  
0  
0  
1  mb 1 0 1434 740
0  
0  
0  
0  
0  
0  
0  
0  
0  
0  
0  
0  
0  
0  
0  
0  
0  
0  
0  
0  
0  
0  
0  
0  
0  
0  
0  
0  
0  
0  
1 T 1523745310.026000 
0  
0  
1  mm 1432 740
1  mm 1426 742
1  mm 1424 743
1  mm 1419 743
1  mm 1416 743
1  mm 1413 744
1  mm 1411 744
1  mm 1408 746
1  mm 1405 746
1  mm 1402 747
1  mm 1401 749
1  mm 1399 750
1  mm 1395 752
1  mm 1393 752
1  mm 1391 753
1  mm 1386 754
1  mm 1385 754
1  mm 1382 754
1  mm 1381 754
1  mm 1379 754
1  mm 1378 754
1  mm 1376 754
1  mm 1375 754
0  
0  
0  
0  
0  
1  mm 1372 754
1  mm 1371 754
1  mm 1368 754
1  mm 1366 754
1  mm 1362 754
1  mm 1358 754
1  mm 1353 752
1  mm 1350 751
1  mm 1347 750
1  mm 1345 748
1  mm 1343 748
1  mm 1342 748
1  mm 1340 748
0  
1  mm 1339 748
0  
0  
0  
0  
1  mm 1336 748
0  
1  mm 1335 748
0  
0  
0  
0  
0  
0  
0  
0  
0  
0  
0  
0  
0  
0  
0  
0  
0  
1  mm 1333 748
1  mm 1332 748
1  mm 1330 748
0  
0  
0  
0  
0  
0  
0  
0  
0  
0  
0  
0  
0  
1  mm 1329 747
1  mm 1328 747
1  mm 1330 748
0  
0  
0  
0  
0  
0  
0  
0  
0  
0  
0  
1 T 1523745311.627000 
0  
0  
0  
0  
0  
0  
0  
0  
0  
0  
0  
0  
0  
0  
0  
0  
0  
0  
0  
0  
0  
0  
0  
0  
0  
0  
0  
0  
0  
0  
0  
0  
0  
0  
0  
0  
0  
0  
0  
0  
0  
0  
0  
0  
0  
0  
0  
0  
0  
0  
0  
0  
0  
0  
0  
0  
0  
1  mb 1 1 1330 748
0  
0  
0  
0  
0  
0  
0  
0  
0  
0  
0  
0  
0  
1  mb 1 0 1330 748
0  
0  
0  
0  
0  
0  
0  
0  
0  
0  
0  
0  
0  
0  
0  
0  
0  
0  
0  
0  
0  
0  
0  
0  
0  
0  
0  
1 T 1523745313.227000 
0  
0  
0  
0  
0  
0  
0  
0  
0  
0  
0  
0  
0  
0  
0  
0  
0  
0  
0  
0  
0  
0  
0  
0  
0  
0  
0  
0  
0  
0  
0  
0  
0  
0  
0  
0  
0  
0  
0  
0  
0  
0  
0  
0  
0  
0  
0  
0  
0  
0  
0  
0  
0  
0  
0  
0  
0  
0  
0  
0  
0  
0  
0  
0  
0  
0  
0  
0  
0  
0  
0  
0  
0  
0  
0  
0  
0  
0  
0  
0  
0  
0  
0  
0  
0  
0  
0  
0  
0  
0  
0  
0  
0  
0  
0  
0  
0  
0  
0  
1 T 1523745314.830000 
0  
0  
0  
0  
0  
0  
0  
0  
0  
0  
0  
0  
0  
0  
0  
0  
0  
0  
0  
0  
0  
0  
0  
0  
0  
0  
0  
0  
0  
0  
0  
0  
0  
0  
0  
0  
0  
0  
0  
0  
0  
0  
0  
0  
0  
0  
0  
0  
0  
0  
0  
0  
0  
0  
0  
0  
0  
0  
0  
0  
0  
0  
0  
0  
0  
0  
0  
0  
0  
0  
0  
0  
0  
0  
0  
0  
0  
0  
0  
0  
0  
0  
0  
0  
0  
0  
0  
0  
0  
0  
0  
0  
0  
0  
0  
0  
0  
0  
0  
1 T 1523745316.431000 
0  
0  
0  
0  
0  
0  
0  
0  
0  
0  
0  
0  
0  
0  
0  
0  
0  
0  
0  
0  
0  
0  
0  
0  
0  
0  
0  
0  
0  
0  
0  
0  
0  
0  
0  
0  
0  
0  
0  
0  
0  
0  
0  
0  
0  
0  
0  
0  
0  
0  
0  
0  
0  
0  
0  
0  
0  
0  
0  
0  
0  
0  
0  
0  
0  
0  
0  
0  
0  
0  
0  
0  
0  
0  
0  
0  
0  
0  
0  
0  
0  
0  
0  
0  
0  
0  
0  
0  
0  
0  
0  
0  
0  
0  
0  
0  
0  
0  
0  
1 T 1523745318.030000 
0  
0  
0  
0  
0  
0  
0  
0  
0  
0  
0  
0  
0  
0  
0  
0  
0  
0  
0  
0  
0  
0  
0  
0  
0  
0  
0  
0  
0  
0  
0  
0  
0  
0  
0  
0  
0  
0  
0  
0  
0  
0  
0  
0  
0  
0  
0  
0  
0  
0  
0  
0  
0  
0  
0  
0  
0  
0  
0  
0  
0  
0  
0  
0  
0  
0  
0  
0  
0  
0  
0  
0  
0  
0  
0  
0  
0  
0  
0  
0  
0  
0  
0  
0  
0  
0  
0  
0  
0  
0  
0  
0  
0  
0  
0  
0  
0  
0  
0  
1 T 1523745319.631000 
0  
0  
0  
0  
0  
0  
0  
0  
0  
0  
0  
0  
0  
0  
0  
0  
0  
0  
0  
0  
0  
0  
0  
0  
0  
0  
0  
0  
0  
0  
0  
0  
0  
0  
0  
0  
0  
0  
0  
0  
0  
0  
0  
0  
0  
0  
0  
0  
0  
0  
0  
0  
0  
0  
0  
0  
0  
0  
0  
0  
0  
0  
0  
0  
0  
0  
0  
0  
0  
0  
0  
0  
0  
0  
0  
0  
0  
0  
0  
0  
0  
0  
0  
0  
0  
0  
0  
0  
0  
0  
0  
0  
0  
0  
0  
0  
0  
0  
0  
1 T 1523745321.231000 
0  
0  
0  
0  
0  
0  
0  
0  
0  
0  
0  
0  
0  
0  
0  
0  
0  
0  
0  
0  
0  
0  
0  
0  
0  
0  
0  
0  
0  
0  
0  
0  
0  
0  
0  
0  
0  
0  
0  
0  
0  
0  
0  
0  
0  
0  
0  
0  
0  
0  
0  
0  
0  
0  
0  
0  
0  
0  
0  
0  
0  
0  
0  
0  
0  
0  
0  
0  
0  
0  
0  
0  
0  
0  
0  
0  
0  
0  
0  
0  
0  
0  
0  
0  
0  
0  
0  
0  
0  
0  
0  
0  
0  
0  
0  
0  
0  
0  
0  
1 T 1523745322.831000 
0  
0  
0  
0  
0  
0  
0  
0  
0  
0  
0  
0  
0  
0  
0  
0  
0  
0  
0  
0  
0  
0  
0  
0  
0  
0  
0  
0  
0  
0  
0  
0  
0  
0  
0  
0  
0  
0  
0  
0  
0  
0  
0  
0  
0  
0  
0  
0  
0  
0  
0  
0  
0  
0  
0  
0  
0  
0  
0  
0  
0  
0  
0  
0  
0  
0  
0  
0  
1  mm 1325 748
1  mm 1316 746
1  mm 1300 740
1  mm 1284 732
1  mm 1258 720
1  mm 1220 704
1  mm 1201 695
1  mm 1183 686
1  mm 1176 681
1  mm 1165 677
1  mm 1151 668
1  mm 1140 660
1  mm 1115 648
1  mm 1089 636
1  mm 1063 624
1  mm 1035 616
0  
0  
0  
0  
0  
0  
0  
0  
0  
0  
0  
0  
0  
0  
0  
1 T 1523745324.432000 
0  
0  
0  
0  
0  
0  
0  
0  
0  
0  
0  
0  
0  
0  
0  
0  
0  
0  
0  
0  
1  mm 850 626
1  mm 814 632
1  mm 805 634
1  mm 796 636
1  mm 787 636
1  mm 780 636
1  mm 772 636
1  mm 764 636
1  mm 760 634
0  
0  
0  
0  
0  
0  
0  
0  
0  
0  
0  
0  
0  
0  
0  
0  
0  
0  
0  
0  
0  
0  
0  
0  
0  
1  mm 722 615
1  mm 699 602
1  mm 685 596
1  mm 671 588
1  mm 666 585
1  mm 660 582
1  mm 655 577
1  mm 650 574
1  mm 646 570
1  mm 643 569
1  mm 642 566
1  mm 639 564
1  mm 638 563
1  mm 636 562
1  mm 635 560
1  mm 633 559
0  
0  
1  mm 632 556
1  mm 631 553
1  mm 628 550
1  mm 625 544
1  mm 622 541
1  mm 619 537
1  mm 616 534
1  mm 613 531
1  mm 610 527
1  mm 607 524
1  mm 605 523
1  mm 603 518
1  mm 602 517
1  mm 600 515
1  mm 599 514
1  mm 598 513
1  mm 598 511
0  
0  
0  
0  
0  
0  
0  
0  
0  
0  
1 T 1523745326.032000 
0  
0  
0  
0  
0  
0  
0  
0  
0  
0  
0  
0  
0  
0  
0  
0  
0  
0  
0  
0  
0  
0  
0  
0  
0  
0  
0  
0  
0  
0  
0  
0  
0  
0  
0  
0  
0  
0  
0  
0  
0  
0  
1  kd 27 598 511
0  
0  
0  
1  ku 27 598 511
0  
0  
0  
0  
0  
0  
0  
0  
0  
0  
0  
0  
0  
0  
0  
0  
0  
0  
0  
0  
0  
0  
0  
0  
0  
0  
0  
0  
0  
0  
0  
0  
0  
0  
0  
0  
0  
0  
0  
0  
0  
0  
0  
0  
0  
0  
0  
0  
0  
0  
0  
0  
1 T 1523745327.634000 
0  
0  
0  
0  
0  
0  
0  
0  
0  
0  
0  
0  
0  
0  
0  
0  
0  
0  
0  
0  
0  
0  
0  
0  
0  
0  
0  
0  
0  
0  
0  
0  
0  
0  
0  
0  
0  
0  
0  
0  
0  
0  
0  
0  
0  
0  
0  
0  
0  
0  
0  
0  
0  
0  
0  
0  
0  
0  
0  
0  
0  
0  
0  
0  
0  
0  
0  
0  
0  
0  
0  
0  
0  
0  
0  
0  
0  
0  
0  
0  
0  
0  
0  
0  
0  
1  sd 113 598 511
0  
0  
0  
0  
0  
0  
0  
0  
0  
0  
0  
0  
0  
1 T 1523745329.233000 
0  
0  
0  
0  
0  
0  
0  
0  
0  
0  
0  
0  
0  
0  
0  
0  
0  
0  
0  
0  
0  
0  
0  
0  
0  
0  
0  
0  
0  
0  
0  
0  
0  
0  
0  
0  
1  kd 37 598 511
