1522220312 seed, 60 fps, 1920x1080, fullScreen=1, version68_mouseSpeed1.000000_musicOff0_musicLoudness1.000000_webRetrySeconds16 5C7DC709BE54814D1F7D04CCDA5AE090EC0F807D
2 T 1522220312.537000 mm 405 472
0  
0  
0  
0  
0  
0  
0  
0  
0  
0  
0  
0  
0  
0  
0  
0  
0  
0  
0  
0  
0  
0  
0  
0  
0  
0  
0  
0  
0  
0  
0  
0  
0  
0  
0  
0  
0  
0  
0  
0  
0  
0  
0  
0  
0  
0  
0  
0  
0  
0  
0  
0  
0  
0  
0  
0  
0  
0  
0  
0  
0  
0  
0  
0  
0  
0  
0  
0  
0  
0  
0  
0  
0  
0  
0  
0  
0  
0  
0  
0  
0  
0  
0  
0  
0  
0  
0  
0  
0  
0  
0  
0  
0  
0  
0  
0  
0  
0  
1 T 1522220315.205000 
0  
0  
0  
0  
0  
0  
0  
0  
0  
0  
0  
2 T 1522220317.592000 T 1522220317.596000 
1 T 1522220317.608000 
1 T 1522220317.626000 
1 T 1522220317.641000 
1 T 1522220317.656000 
1 T 1522220317.673000 
1 T 1522220317.689000 
1 T 1522220317.704000 
1 T 1522220317.721000 
1 T 1522220317.737000 
1 T 1522220317.753000 
1 T 1522220317.769000 
1 T 1522220317.785000 
1 T 1522220317.801000 
1 T 1522220317.817000 
1 T 1522220317.832000 
1 T 1522220317.848000 
1 T 1522220317.864000 
1 T 1522220317.880000 
1 T 1522220317.897000 
1 T 1522220317.913000 
1 T 1522220317.928000 
1 T 1522220317.944000 
1 T 1522220317.960000 
1 T 1522220317.976000 
1 T 1522220317.993000 
1 T 1522220318.009000 
1 T 1522220318.024000 
1 T 1522220318.040000 
1 T 1522220318.057000 
1 T 1522220318.073000 
1 T 1522220318.089000 
1 T 1522220318.104000 
1 T 1522220318.120000 
1 T 1522220318.136000 
1 T 1522220318.152000 
1 T 1522220318.169000 
1 T 1522220318.185000 
1 T 1522220318.200000 
1 T 1522220318.216000 
1 T 1522220318.233000 
1 T 1522220318.249000 
1 T 1522220318.265000 
1 T 1522220318.281000 
1 T 1522220318.297000 
1 T 1522220318.313000 
2 T 1522220318.329000 mm 522 454
2 T 1522220318.346000 mm 864 400
2 T 1522220318.361000 mm 961 391
2 T 1522220318.378000 mm 1138 391
2 T 1522220318.393000 mm 1355 404
2 T 1522220318.409000 mm 1426 415
2 T 1522220318.428000 mm 1539 419
2 T 1522220318.440000 mm 1563 421
2 T 1522220318.456000 mm 1579 418
2 T 1522220318.473000 mm 1587 416
1 T 1522220318.488000 
1 T 1522220318.504000 
1 T 1522220318.520000 
1 T 1522220318.538000 
1 T 1522220318.553000 
1 T 1522220318.569000 
1 T 1522220318.584000 
1 T 1522220318.600000 
1 T 1522220318.616000 
1 T 1522220318.633000 
1 T 1522220318.649000 
1 T 1522220318.665000 
1 T 1522220318.681000 
1 T 1522220318.698000 
0  
0  
0  
0  
0  
0  
0  
0  
0  
0  
0  
0  
0  
0  
0  
0  
0  
0  
1 T 1522220319.001000 
0  
0  
0  
0  
0  
0  
0  
0  
0  
0  
0  
0  
0  
0  
0  
0  
0  
0  
0  
0  
1  mm 1587 418
1  mm 1587 425
1  mm 1586 445
1  mm 1584 463
1  mm 1580 485
1  mm 1574 501
1  mm 1573 508
1  mm 1569 515
1  mm 1566 521
1  mm 1565 524
1  mm 1564 528
1  mm 1562 529
1  mm 1562 531
0  
0  
0  
0  
0  
0  
0  
0  
0  
0  
0  
0  
0  
0  
0  
0  
0  
0  
0  
0  
0  
0  
0  
0  
0  
0  
0  
0  
0  
0  
0  
0  
0  
0  
0  
0  
0  
0  
0  
0  
0  
0  
0  
0  
0  
0  
0  
0  
0  
0  
0  
0  
0  
0  
0  
0  
0  
0  
0  
0  
0  
0  
0  
0  
0  
0  
1 T 1522220320.601000 
0  
0  
0  
0  
0  
0  
0  
0  
0  
0  
0  
0  
0  
0  
0  
0  
0  
0  
0  
0  
0  
0  
0  
0  
0  
0  
0  
0  
0  
0  
0  
0  
0  
0  
0  
0  
0  
0  
0  
0  
0  
0  
0  
0  
0  
0  
0  
0  
0  
0  
0  
0  
0  
0  
0  
0  
0  
0  
0  
0  
0  
0  
0  
0  
0  
0  
0  
0  
0  
0  
0  
0  
0  
0  
0  
0  
0  
0  
0  
0  
0  
0  
0  
0  
0  
0  
0  
0  
0  
0  
0  
0  
0  
0  
0  
0  
0  
0  
0  
1 T 1522220322.201000 
0  
0  
0  
0  
0  
0  
0  
0  
0  
0  
0  
0  
0  
0  
0  
0  
0  
0  
0  
0  
0  
0  
0  
0  
0  
0  
0  
0  
0  
0  
0  
0  
0  
0  
1  mm 1366 469
1  mm 1212 404
1  mm 1127 361
1  mm 1097 336
1  mm 1072 327
1  mm 1047 322
1  mm 1032 319
1  mm 1028 319
1  mm 1023 319
1  mm 1022 319
1  mm 1021 319
1  mm 1019 319
0  
0  
0  
1  mm 1021 319
1  mm 1049 319
1  mm 1090 325
1  mm 1128 338
1  mm 1353 382
1  mm 1400 390
1  mm 1447 407
1  mm 1485 420
1  mm 1501 433
1  mm 1511 440
1  mm 1515 447
1  mm 1521 455
1  mm 1523 457
1  mm 1526 464
1  mm 1531 474
1  mm 1536 487
1  mm 1545 507
1  mm 1555 528
1  mm 1560 539
1  mm 1563 547
1  mm 1565 550
1  mm 1565 553
1  mm 1568 556
1  mm 1568 559
1  mm 1568 563
1  mm 1568 572
1  mm 1567 581
1  mm 1565 590
1  mm 1565 598
1  mm 1565 602
0  
0  
0  
0  
0  
0  
0  
0  
0  
0  
0  
0  
0  
0  
0  
0  
0  
0  
0  
0  
1 T 1522220323.802000 
0  
0  
0  
0  
0  
0  
0  
0  
0  
0  
0  
1  mm 1556 598
1  mm 1544 592
1  mm 1537 589
1  mm 1534 586
1  mm 1528 583
1  mm 1527 581
0  
0  
1  mm 1524 580
1  mm 1521 579
1  mm 1520 577
1  mm 1520 576
1  mm 1518 574
0  
0  
0  
0  
0  
0  
0  
0  
0  
0  
0  
0  
0  
0  
0  
0  
0  
0  
0  
0  
0  
0  
0  
0  
0  
0  
0  
1  mm 1374 698
1  mm 1161 813
1  mm 945 875
1  mm 684 929
1  mm 488 944
1  mm 347 963
1  mm 297 971
1  mm 279 973
1  mm 277 976
1  mm 275 978
1  mm 274 979
1  mm 272 979
1  mm 271 979
0  
0  
1  mm 271 981
1  mm 269 981
1  mm 269 982
1  mm 269 985
0  
0  
0  
1  mm 270 985
1  mm 281 982
1  mm 302 981
1  mm 346 978
1  mm 359 979
1  mm 368 983
1  mm 373 984
1  mm 376 985
1  mm 377 987
1  mm 380 987
0  
0  
0  
0  
0  
0  
0  
0  
0  
0  
0  
0  
0  
0  
0  
0  
1 T 1522220325.403000 
0  
1  mb 1 1 380 987
0  
0  
0  
0  
0  
0  
0  
0  
0  
0  
0  
0  
0  
1  mb 1 0 380 987
