1531412798 seed, 60 fps, 1920x1080, fullScreen=1, version123_mouseSpeed1.000000_musicOff0_musicLoudness1.000000_webRetrySeconds16 5E90164706DC5EC26AFBC74D68595126A651F556
2 T 1531412798.648000 mm 404 531
0  
0  
0  
0  
0  
0  
0  
0  
0  
0  
0  
0  
0  
0  
0  
0  
0  
0  
0  
0  
0  
0  
0  
0  
0  
0  
0  
0  
0  
0  
0  
0  
0  
0  
0  
0  
0  
0  
0  
0  
0  
0  
0  
0  
0  
0  
0  
0  
0  
0  
0  
0  
0  
0  
0  
0  
0  
0  
0  
0  
0  
0  
0  
0  
6  sd 117 404 531 su 117 404 531 kd 32 404 531 ku 32 404 531 sd 117 404 531 su 117 404 531
0  
0  
0  
0  
0  
0  
0  
0  
0  
0  
0  
0  
0  
0  
0  
0  
0  
0  
0  
0  
0  
0  
0  
0  
0  
0  
0  
0  
0  
0  
0  
0  
0  
2 T 1531412818.082000 R 
0  
0  
0  
0  
0  
0  
0  
0  
0  
0  
0  
0  
0  
0  
0  
0  
2 T 1531412824.098000 T 1531412824.100000 
1 T 1531412824.101000 
1 T 1531412824.102000 
1 R 
1 T 1531412824.103000 
1 T 1531412824.104000 
1 T 1531412824.105000 
1 T 1531412824.106000 
1 T 1531412824.108000 
1 T 1531412824.110000 
1 T 1531412824.112000 
1 T 1531412824.113000 
1 T 1531412824.115000 
1 T 1531412824.117000 
1 T 1531412824.118000 
1 T 1531412824.120000 
1 T 1531412824.122000 
1 T 1531412824.123000 
1 T 1531412824.125000 
1 T 1531412824.126000 
1 T 1531412824.128000 
1 T 1531412824.130000 
1 T 1531412824.132000 
1 T 1531412824.133000 
1 T 1531412824.135000 
1 T 1531412824.137000 
1 T 1531412824.138000 
1 T 1531412824.140000 
1 T 1531412824.141000 
1 T 1531412824.143000 
1 T 1531412824.145000 
1 T 1531412824.146000 
1 T 1531412824.148000 
1 T 1531412824.150000 
1 T 1531412824.152000 
1 T 1531412824.153000 
1 T 1531412824.155000 
1 T 1531412824.156000 
1 T 1531412824.158000 
1 T 1531412824.160000 
1 T 1531412824.161000 
1 T 1531412824.163000 
1 T 1531412824.165000 
1 T 1531412824.167000 
1 T 1531412824.168000 
1 T 1531412824.170000 
1 T 1531412824.172000 
1 T 1531412824.173000 
1 T 1531412824.175000 
1 T 1531412824.177000 
1 T 1531412824.179000 
1 T 1531412824.181000 
1 T 1531412824.182000 
1 T 1531412824.183000 
1 T 1531412824.185000 
1 T 1531412824.188000 
1 R 
1 T 1531412824.190000 
1 T 1531412824.192000 
1 T 1531412824.193000 
1 T 1531412824.195000 
1 T 1531412824.197000 
1 T 1531412824.204000 
1 T 1531412824.206000 
1 T 1531412824.207000 
1 T 1531412824.210000 
1 T 1531412824.211000 
1 T 1531412824.213000 
1 T 1531412824.214000 
1 T 1531412824.215000 
1 R 
1 T 1531412824.216000 
1 T 1531412824.217000 
1 T 1531412824.219000 
1 T 1531412824.220000 
1 T 1531412824.222000 
1 T 1531412824.223000 
1 T 1531412824.224000 
1 T 1531412824.228000 
1 T 1531412824.229000 
1 T 1531412824.230000 
1 T 1531412824.232000 
1 T 1531412824.233000 
3 T 1531412824.235000 R R 
1 T 1531412824.236000 
1 T 1531412824.239000 
1 T 1531412824.241000 
1 T 1531412824.243000 
1 T 1531412824.244000 
1 T 1531412824.246000 
1 T 1531412824.248000 
1 T 1531412824.249000 
1 T 1531412824.250000 
1 T 1531412824.252000 
1 T 1531412824.253000 
1 T 1531412824.255000 
1 T 1531412824.256000 
1 T 1531412824.260000 
1 R 
1 T 1531412824.262000 
1 T 1531412824.263000 
1 T 1531412824.265000 
1 T 1531412824.266000 
1 T 1531412824.268000 
1 T 1531412824.270000 
1 T 1531412824.271000 
1 T 1531412824.273000 
1 T 1531412824.274000 
1 T 1531412824.277000 
1 T 1531412824.279000 
1 T 1531412824.281000 
1 T 1531412824.282000 
1 T 1531412824.283000 
1 T 1531412824.285000 
1 T 1531412824.286000 
1 T 1531412824.290000 
1 T 1531412824.291000 
1 T 1531412824.292000 
1 T 1531412824.293000 
1 T 1531412824.295000 
1 T 1531412824.296000 
1 T 1531412824.300000 
1 T 1531412824.301000 
1 T 1531412824.302000 
1 T 1531412824.303000 
1 T 1531412824.305000 
1 T 1531412824.306000 
1 T 1531412824.309000 
1 T 1531412824.310000 
1 T 1531412824.312000 
1 T 1531412824.313000 
1 T 1531412824.315000 
1 T 1531412824.316000 
1 T 1531412824.320000 
1 T 1531412824.321000 
1 T 1531412824.322000 
1 T 1531412824.323000 
1 T 1531412824.324000 
1 T 1531412824.326000 
1 T 1531412824.330000 
1 T 1531412824.331000 
1 T 1531412824.332000 
1 T 1531412824.333000 
1 T 1531412824.334000 
1 T 1531412824.336000 
1 T 1531412824.339000 
1 T 1531412824.341000 
1 T 1531412824.343000 
1 T 1531412824.344000 
1 T 1531412824.345000 
1 T 1531412824.346000 
1 T 1531412824.350000 
1 T 1531412824.351000 
1 R 
1 T 1531412824.353000 
1 T 1531412824.354000 
1 T 1531412824.356000 
1 T 1531412824.359000 
1 T 1531412824.360000 
1 T 1531412824.362000 
1 T 1531412824.363000 
1 T 1531412824.365000 
1 T 1531412824.366000 
1 T 1531412824.370000 
1 T 1531412824.371000 
1 T 1531412824.372000 
1 T 1531412824.373000 
1 T 1531412824.375000 
1 T 1531412824.376000 
1 T 1531412824.378000 
1 T 1531412824.380000 
1 T 1531412824.381000 
1 T 1531412824.383000 
1 T 1531412824.385000 
1 T 1531412824.386000 
1 T 1531412824.388000 
1 T 1531412824.390000 
1 T 1531412824.391000 
1 T 1531412824.393000 
1 T 1531412824.394000 
1 T 1531412824.396000 
1 T 1531412824.399000 
1 T 1531412824.400000 
3 T 1531412824.401000 R R 
1 T 1531412824.403000 
1 T 1531412824.404000 
1 T 1531412824.406000 
1 T 1531412824.409000 
1 T 1531412824.410000 
1 T 1531412824.411000 
1 T 1531412824.413000 
1 T 1531412824.414000 
1 T 1531412824.416000 
1 T 1531412824.418000 
1 T 1531412824.420000 
1 T 1531412824.421000 
1 T 1531412824.423000 
1 T 1531412824.424000 
1 T 1531412824.426000 
1 T 1531412824.430000 
1 T 1531412824.431000 
1 R 
1 T 1531412824.433000 
1 T 1531412824.434000 
1 T 1531412824.436000 
1 T 1531412824.439000 
1 T 1531412824.441000 
1 T 1531412824.442000 
1 T 1531412824.443000 
1 T 1531412824.445000 
1 T 1531412824.446000 
1 T 1531412824.448000 
1 T 1531412824.450000 
1 T 1531412824.451000 
1 T 1531412824.453000 
1 T 1531412824.455000 
1 T 1531412824.456000 
1 T 1531412824.459000 
1 T 1531412824.460000 
1 T 1531412824.461000 
1 T 1531412824.463000 
1 T 1531412824.464000 
1 T 1531412824.466000 
1 T 1531412824.469000 
1 T 1531412824.471000 
1 R 
1 T 1531412824.472000 
1 T 1531412824.474000 
1 T 1531412824.476000 
1 T 1531412824.480000 
1 T 1531412824.481000 
1 T 1531412824.482000 
1 T 1531412824.483000 
1 T 1531412824.484000 
1 T 1531412824.486000 
1 T 1531412824.489000 
1 T 1531412824.491000 
1 T 1531412824.492000 
1 T 1531412824.493000 
1 T 1531412824.494000 
1 T 1531412824.496000 
1 T 1531412824.498000 
1 T 1531412824.500000 
1 T 1531412824.502000 
1 T 1531412824.503000 
1 T 1531412824.505000 
1 T 1531412824.506000 
1 T 1531412824.510000 
1 R 
1 T 1531412824.512000 
1 T 1531412824.513000 
1 T 1531412824.514000 
1 T 1531412824.516000 
1 T 1531412824.518000 
1 T 1531412824.520000 
1 T 1531412824.521000 
1 T 1531412824.523000 
1 T 1531412824.524000 
1 T 1531412824.526000 
1 T 1531412824.529000 
1 T 1531412824.530000 
1 T 1531412824.532000 
1 T 1531412824.533000 
1 T 1531412824.535000 
1 T 1531412824.536000 
1 T 1531412824.538000 
1 T 1531412824.540000 
1 T 1531412824.541000 
1 T 1531412824.543000 
1 T 1531412824.545000 
1 T 1531412824.546000 
1 T 1531412824.548000 
1 T 1531412824.550000 
1 T 1531412824.551000 
1 T 1531412824.553000 
1 T 1531412824.554000 
1 T 1531412824.556000 
1 T 1531412824.558000 
1 T 1531412824.560000 
1 T 1531412824.561000 
1 T 1531412824.563000 
1 T 1531412824.564000 
1 T 1531412824.566000 
3 T 1531412824.568000 R R 
1 T 1531412824.570000 
1 T 1531412824.572000 
1 T 1531412824.573000 
1 T 1531412824.574000 
1 T 1531412824.576000 
1 T 1531412824.578000 
1 T 1531412824.581000 
1 T 1531412824.582000 
1 T 1531412824.583000 
1 T 1531412824.584000 
1 T 1531412824.586000 
1 T 1531412824.588000 
1 T 1531412824.590000 
1 T 1531412824.592000 
1 T 1531412824.593000 
1 T 1531412824.594000 
1 T 1531412824.596000 
1 T 1531412824.600000 
2 T 1531412824.601000 mm 407 533
1 T 1531412824.602000 
1 T 1531412824.603000 
1 T 1531412824.604000 
2 T 1531412824.607000 mm 413 535
1 T 1531412824.609000 
1 T 1531412824.610000 
1 T 1531412824.612000 
1 T 1531412824.613000 
2 T 1531412824.615000 mm 421 539
1 T 1531412824.616000 
1 T 1531412824.621000 
2 T 1531412824.622000 mm 435 544
1 T 1531412824.623000 
1 R 
1 T 1531412824.624000 
1 T 1531412824.626000 
2 T 1531412824.629000 mm 459 546
1 T 1531412824.630000 
1 T 1531412824.631000 
2 T 1531412824.633000 mm 496 552
1 T 1531412824.634000 
1 T 1531412824.636000 
1 T 1531412824.638000 
1 T 1531412824.640000 
2 T 1531412824.641000 mm 533 555
1 T 1531412824.643000 
1 T 1531412824.644000 
2 T 1531412824.646000 mm 569 555
1 T 1531412824.648000 
1 T 1531412824.650000 
1 T 1531412824.651000 
1 T 1531412824.653000 
2 T 1531412824.654000 mm 621 549
1 T 1531412824.656000 
1 T 1531412824.658000 
1 T 1531412824.659000 
2 T 1531412824.662000 mm 674 539
1 T 1531412824.663000 
1 T 1531412824.664000 
1 T 1531412824.666000 
2 T 1531412824.670000 mm 716 526
1 T 1531412824.671000 
1 R 
1 T 1531412824.673000 
2 T 1531412824.675000 mm 740 515
1 T 1531412824.676000 
1 T 1531412824.681000 
2 T 1531412824.682000 mm 752 506
1 T 1531412824.683000 
1 R 
1 T 1531412824.684000 
1 T 1531412824.686000 
2 T 1531412824.691000 mm 764 496
1 T 1531412824.692000 
2 T 1531412824.694000 mm 789 482
1 T 1531412824.695000 
1 T 1531412824.696000 
1 R 
1 T 1531412824.698000 
1 T 1531412824.700000 
2 T 1531412824.701000 mm 820 468
1 T 1531412824.703000 
1 T 1531412824.704000 
1 T 1531412824.706000 
2 T 1531412824.709000 mm 847 460
1 R 
1 T 1531412824.711000 
1 T 1531412824.713000 
2 T 1531412824.715000 mm 871 452
1 T 1531412824.716000 
1 T 1531412824.719000 
1 T 1531412824.721000 
2 T 1531412824.722000 mm 886 447
1 T 1531412824.723000 
1 T 1531412824.724000 
1 T 1531412824.726000 
2 T 1531412824.728000 mm 896 445
1 T 1531412824.729000 
1 T 1531412824.731000 
1 T 1531412824.733000 
4 T 1531412824.735000 R R mm 907 443
1 T 1531412824.736000 
1 T 1531412824.738000 
1 T 1531412824.740000 
2 T 1531412824.742000 mm 916 439
1 T 1531412824.743000 
1 T 1531412824.744000 
1 T 1531412824.746000 
2 T 1531412824.748000 mm 921 435
1 T 1531412824.749000 
1 T 1531412824.751000 
1 T 1531412824.752000 
2 T 1531412824.754000 mm 925 433
1 T 1531412824.756000 
1 T 1531412824.757000 
1 T 1531412824.759000 
2 T 1531412824.761000 mm 926 432
1 T 1531412824.762000 
1 T 1531412824.764000 
1 T 1531412824.766000 
1 T 1531412824.768000 
2 T 1531412824.770000 mm 929 430
1 T 1531412824.771000 
1 T 1531412824.772000 
1 T 1531412824.774000 
1 T 1531412824.776000 
1 T 1531412824.778000 
1 T 1531412824.779000 
2 T 1531412824.781000 mm 931 429
1 T 1531412824.783000 
1 T 1531412824.784000 
1 T 1531412824.786000 
1 T 1531412824.787000 
1 T 1531412824.789000 
1 T 1531412824.791000 
1 T 1531412824.792000 
2 T 1531412824.795000 mm 932 429
1 T 1531412824.796000 
1 T 1531412824.798000 
1 T 1531412824.799000 
1 T 1531412824.801000 
1 T 1531412824.803000 
1 T 1531412824.804000 
1 T 1531412824.806000 
1 T 1531412824.809000 
2 T 1531412824.811000 mm 933 429
1 R 
1 T 1531412824.812000 
2 T 1531412824.815000 mm 933 427
1 T 1531412824.816000 
1 T 1531412824.818000 
1 T 1531412824.819000 
1 T 1531412824.822000 
1 T 1531412824.823000 
1 T 1531412824.824000 
1 T 1531412824.826000 
1 T 1531412824.828000 
2 T 1531412824.831000 mm 933 426
1 T 1531412824.832000 
1 T 1531412824.833000 
1 T 1531412824.834000 
1 T 1531412824.836000 
1 T 1531412824.837000 
1 T 1531412824.839000 
1 T 1531412824.841000 
1 T 1531412824.842000 
1 T 1531412824.844000 
1 T 1531412824.846000 
1 T 1531412824.848000 
1 T 1531412824.849000 
1 T 1531412824.851000 
1 T 1531412824.852000 
1 T 1531412824.854000 
1 T 1531412824.855000 
1 T 1531412824.857000 
1 T 1531412824.859000 
1 T 1531412824.861000 
1 T 1531412824.863000 
1 T 1531412824.865000 
1 T 1531412824.866000 
1 T 1531412824.867000 
1 T 1531412824.869000 
1 T 1531412824.871000 
1 T 1531412824.873000 
1 T 1531412824.874000 
1 T 1531412824.876000 
1 T 1531412824.878000 
1 T 1531412824.880000 
1 T 1531412824.881000 
1 T 1531412824.882000 
1 T 1531412824.884000 
1 T 1531412824.885000 
1 T 1531412824.888000 
1 T 1531412824.891000 
1 T 1531412824.892000 
1 T 1531412824.893000 
1 T 1531412824.894000 
1 T 1531412824.896000 
1 T 1531412824.897000 
1 T 1531412824.899000 
3 T 1531412824.900000 R T 1531412824.901000 
1 T 1531412824.902000 
1 T 1531412824.904000 
1 T 1531412824.906000 
1 T 1531412824.907000 
1 T 1531412824.909000 
1 T 1531412824.911000 
1 T 1531412824.912000 
1 T 1531412824.914000 
1 T 1531412824.916000 
1 T 1531412824.917000 
1 T 1531412824.920000 
1 T 1531412824.921000 
1 T 1531412824.922000 
1 T 1531412824.924000 
1 T 1531412824.926000 
1 T 1531412824.927000 
1 T 1531412824.929000 
1 T 1531412824.931000 
1 T 1531412824.932000 
1 T 1531412824.934000 
1 T 1531412824.936000 
1 T 1531412824.937000 
1 T 1531412824.939000 
1 T 1531412824.941000 
1 T 1531412824.943000 
1 T 1531412824.944000 
1 T 1531412824.946000 
1 T 1531412824.949000 
1 T 1531412824.951000 
1 T 1531412824.952000 
1 R 
1 T 1531412824.954000 
1 T 1531412824.956000 
1 T 1531412824.957000 
1 T 1531412824.959000 
1 T 1531412824.961000 
1 T 1531412824.962000 
1 T 1531412824.964000 
1 T 1531412824.965000 
1 T 1531412824.967000 
1 T 1531412824.969000 
1 T 1531412824.970000 
1 T 1531412824.972000 
1 T 1531412824.974000 
1 T 1531412824.976000 
1 T 1531412824.977000 
1 T 1531412824.979000 
1 T 1531412824.981000 
1 T 1531412824.982000 
1 T 1531412824.984000 
1 T 1531412824.985000 
1 T 1531412824.987000 
1 T 1531412824.989000 
1 T 1531412824.990000 
1 T 1531412824.992000 
1 T 1531412824.994000 
1 T 1531412824.995000 
1 T 1531412824.997000 
1 T 1531412824.999000 
1 T 1531412825.001000 
1 T 1531412825.002000 
1 T 1531412825.004000 
1 T 1531412825.006000 
1 T 1531412825.007000 
1 T 1531412825.009000 
1 T 1531412825.011000 
1 T 1531412825.013000 
1 T 1531412825.014000 
1 T 1531412825.016000 
1 T 1531412825.017000 
1 T 1531412825.021000 
1 T 1531412825.022000 
1 R 
1 T 1531412825.024000 
1 T 1531412825.026000 
1 T 1531412825.027000 
1 T 1531412825.029000 
1 T 1531412825.031000 
1 T 1531412825.032000 
1 T 1531412825.034000 
1 T 1531412825.035000 
1 T 1531412825.037000 
1 T 1531412825.039000 
1 T 1531412825.041000 
1 T 1531412825.042000 
1 T 1531412825.044000 
1 T 1531412825.046000 
1 T 1531412825.049000 
1 T 1531412825.051000 
1 T 1531412825.052000 
1 R 
1 T 1531412825.054000 
1 T 1531412825.055000 
1 T 1531412825.057000 
1 T 1531412825.059000 
1 T 1531412825.061000 
1 T 1531412825.062000 
1 T 1531412825.064000 
1 T 1531412825.065000 
3 T 1531412825.067000 R R 
1 T 1531412825.069000 
1 T 1531412825.071000 
1 T 1531412825.072000 
1 T 1531412825.074000 
1 T 1531412825.076000 
1 T 1531412825.077000 
1 T 1531412825.079000 
1 T 1531412825.080000 
1 T 1531412825.082000 
1 T 1531412825.084000 
1 T 1531412825.085000 
1 T 1531412825.087000 
1 T 1531412825.089000 
1 T 1531412825.092000 
1 R 
1 T 1531412825.094000 
1 T 1531412825.096000 
1 T 1531412825.097000 
1 T 1531412825.099000 
1 T 1531412825.101000 
1 T 1531412825.102000 
1 T 1531412825.104000 
1 T 1531412825.105000 
1 T 1531412825.109000 
1 T 1531412825.110000 
1 T 1531412825.111000 
1 T 1531412825.112000 
1 T 1531412825.114000 
1 T 1531412825.115000 
1 T 1531412825.117000 
1 T 1531412825.119000 
1 T 1531412825.121000 
1 T 1531412825.122000 
1 T 1531412825.124000 
1 T 1531412825.125000 
1 T 1531412825.127000 
1 T 1531412825.129000 
1 T 1531412825.132000 
1 R 
1 T 1531412825.134000 
1 T 1531412825.135000 
1 T 1531412825.137000 
1 T 1531412825.139000 
1 T 1531412825.141000 
1 T 1531412825.142000 
1 T 1531412825.144000 
1 T 1531412825.145000 
1 T 1531412825.147000 
1 T 1531412825.149000 
1 T 1531412825.151000 
1 T 1531412825.152000 
1 T 1531412825.154000 
1 T 1531412825.155000 
1 T 1531412825.157000 
1 T 1531412825.159000 
1 T 1531412825.161000 
1 T 1531412825.162000 
1 T 1531412825.164000 
1 T 1531412825.165000 
1 T 1531412825.167000 
1 T 1531412825.169000 
1 T 1531412825.171000 
1 T 1531412825.172000 
1 T 1531412825.173000 
1 T 1531412825.175000 
1 T 1531412825.177000 
1 T 1531412825.179000 
1 T 1531412825.181000 
1 T 1531412825.182000 
1 T 1531412825.184000 
1 T 1531412825.185000 
1 T 1531412825.187000 
1 T 1531412825.190000 
1 T 1531412825.192000 
1 R 
1 T 1531412825.194000 
1 T 1531412825.196000 
1 T 1531412825.199000 
0  
0  
0  
0  
0  
0  
0  
0  
0  
0  
0  
0  
0  
0  
0  
0  
0  
0  
0  
0  
0  
2 T 1531412825.233000 R 
0  
0  
0  
0  
0  
0  
0  
0  
0  
0  
0  
0  
0  
0  
0  
0  
0  
0  
0  
0  
0  
0  
0  
0  
0  
0  
0  
0  
0  
0  
0  
0  
0  
0  
0  
0  
0  
0  
0  
0  
0  
0  
0  
0  
0  
0  
0  
0  
0  
0  
0  
0  
0  
0  
0  
0  
0  
0  
0  
0  
0  
0  
0  
0  
0  
0  
0  
0  
0  
0  
0  
0  
0  
0  
0  
0  
0  
0  
0  
0  
0  
0  
0  
0  
0  
0  
0  
0  
0  
0  
0  
0  
0  
0  
0  
0  
0  
0  
0  
2 T 1531412825.400000 R 
0  
0  
0  
0  
0  
0  
0  
0  
0  
0  
0  
0  
0  
0  
0  
0  
0  
0  
0  
0  
0  
0  
0  
0  
0  
0  
0  
0  
0  
0  
0  
0  
0  
0  
0  
0  
0  
0  
0  
0  
0  
0  
0  
0  
0  
0  
0  
0  
0  
0  
0  
0  
0  
0  
0  
0  
0  
0  
0  
0  
0  
0  
0  
0  
0  
0  
0  
0  
0  
0  
0  
0  
0  
0  
0  
0  
0  
0  
0  
0  
0  
0  
0  
0  
0  
0  
0  
0  
0  
0  
0  
0  
0  
0  
0  
0  
0  
0  
0  
2 T 1531412825.567000 R 
0  
0  
0  
0  
0  
0  
0  
0  
0  
0  
0  
0  
0  
0  
0  
0  
0  
0  
0  
0  
0  
0  
0  
0  
0  
0  
0  
0  
0  
0  
0  
0  
0  
0  
0  
0  
0  
0  
0  
0  
0  
0  
0  
0  
0  
0  
0  
0  
0  
0  
0  
0  
0  
0  
0  
0  
0  
0  
0  
0  
0  
0  
0  
0  
0  
0  
0  
0  
0  
0  
0  
0  
0  
0  
0  
0  
0  
0  
0  
0  
0  
0  
0  
0  
0  
0  
0  
0  
0  
0  
0  
0  
0  
0  
0  
0  
0  
0  
0  
2 T 1531412825.733000 R 
0  
0  
0  
0  
0  
0  
0  
0  
0  
0  
0  
0  
0  
0  
0  
0  
0  
0  
0  
0  
0  
0  
0  
0  
0  
0  
0  
0  
0  
0  
0  
0  
0  
0  
0  
0  
0  
0  
0  
0  
0  
0  
0  
0  
0  
0  
0  
0  
0  
0  
0  
0  
0  
0  
0  
0  
0  
0  
1  kd 115 933 426
0  
0  
0  
0  
0  
0  
0  
0  
0  
0  
0  
0  
0  
0  
0  
0  
0  
0  
0  
0  
0  
0  
0  
0  
0  
0  
0  
0  
0  
0  
0  
0  
0  
0  
0  
0  
0  
0  
0  
0  
2 T 1531412825.899000 R 
0  
0  
0  
0  
0  
0  
0  
0  
0  
0  
0  
0  
0  
0  
0  
0  
0  
0  
0  
0  
0  
0  
0  
0  
0  
0  
0  
0  
0  
0  
0  
0  
1  kd 97 933 426
0  
0  
0  
0  
0  
0  
0  
0  
0  
0  
0  
0  
0  
0  
0  
0  
1  ku 115 933 426
0  
0  
0  
0  
0  
0  
0  
0  
0  
0  
0  
0  
0  
0  
0  
0  
0  
0  
0  
0  
0  
0  
0  
0  
0  
0  
0  
0  
0  
0  
0  
1  ku 97 933 426
0  
0  
0  
0  
0  
1  kd 109 933 426
0  
0  
0  
0  
0  
0  
0  
0  
0  
0  
0  
2 T 1531412826.066000 R 
0  
0  
0  
0  
0  
0  
0  
0  
0  
0  
0  
0  
0  
0  
0  
0  
0  
0  
0  
0  
0  
0  
0  
0  
0  
0  
0  
0  
0  
0  
1  ku 109 933 426
0  
0  
0  
0  
0  
0  
0  
0  
0  
0  
0  
0  
0  
0  
0  
0  
0  
0  
0  
0  
0  
0  
0  
0  
0  
1  kd 115 933 426
0  
0  
0  
0  
0  
0  
0  
0  
0  
0  
0  
0  
0  
0  
0  
0  
0  
0  
0  
0  
0  
0  
0  
0  
0  
0  
0  
0  
0  
0  
0  
0  
0  
0  
0  
0  
0  
0  
0  
0  
0  
0  
2 T 1531412826.233000 R 
0  
0  
0  
0  
0  
0  
0  
1  kd 97 933 426
0  
0  
0  
0  
0  
0  
0  
0  
0  
0  
0  
0  
0  
0  
0  
0  
0  
0  
0  
0  
0  
1  ku 115 933 426
0  
0  
0  
0  
0  
0  
0  
0  
0  
0  
0  
0  
0  
0  
0  
0  
0  
0  
1  kd 109 933 426
0  
0  
0  
0  
0  
0  
0  
0  
0  
0  
0  
0  
0  
0  
0  
0  
0  
1  ku 97 933 426
0  
0  
0  
0  
0  
0  
0  
0  
0  
0  
0  
0  
0  
0  
0  
0  
0  
0  
0  
0  
0  
0  
0  
0  
0  
0  
0  
0  
0  
0  
0  
0  
2 T 1531412826.401000 R 
0  
0  
0  
1  ku 109 933 426
0  
0  
0  
0  
0  
0  
0  
0  
0  
0  
0  
0  
0  
0  
0  
0  
0  
0  
0  
0  
0  
0  
0  
0  
0  
0  
0  
0  
0  
0  
0  
0  
0  
0  
0  
0  
0  
0  
0  
0  
0  
0  
0  
0  
0  
0  
0  
0  
0  
0  
0  
0  
0  
0  
0  
0  
0  
0  
0  
0  
0  
0  
0  
0  
0  
0  
0  
0  
0  
0  
0  
0  
0  
0  
0  
0  
0  
0  
0  
0  
0  
0  
0  
0  
0  
0  
0  
0  
0  
0  
0  
0  
0  
0  
0  
2 T 1531412826.567000 R 
1  sd 112 933 426
0  
0  
0  
0  
0  
0  
0  
0  
0  
0  
0  
0  
0  
0  
0  
0  
0  
0  
0  
0  
0  
0  
0  
0  
0  
0  
0  
0  
0  
0  
0  
0  
0  
0  
0  
0  
0  
0  
0  
0  
0  
0  
0  
0  
0  
0  
0  
0  
0  
0  
0  
0  
1  kd 64 933 426
0  
0  
0  
0  
0  
0  
0  
0  
0  
0  
0  
0  
0  
0  
0  
0  
0  
0  
0  
0  
0  
0  
0  
0  
0  
0  
0  
0  
0  
0  
0  
0  
0  
0  
0  
0  
0  
0  
0  
0  
0  
0  
0  
0  
0  
2 T 1531412826.734000 R 
0  
0  
0  
0  
0  
0  
0  
0  
0  
0  
0  
0  
0  
0  
0  
1  ku 50 933 426
0  
0  
0  
0  
0  
0  
0  
0  
0  
1  su 112 933 426
0  
0  
0  
0  
0  
0  
0  
0  
0  
0  
0  
0  
0  
0  
0  
0  
0  
0  
0  
0  
0  
0  
0  
0  
0  
0  
0  
0  
0  
0  
0  
0  
0  
0  
0  
0  
0  
0  
0  
0  
0  
0  
0  
0  
0  
0  
0  
0  
0  
0  
0  
0  
0  
0  
0  
0  
0  
0  
0  
0  
0  
0  
0  
0  
0  
0  
0  
0  
0  
0  
0  
0  
0  
2 T 1531412826.901000 R 
0  
0  
0  
0  
0  
0  
1  kd 115 933 426
0  
0  
0  
0  
0  
0  
0  
0  
0  
0  
0  
0  
0  
0  
0  
0  
0  
0  
0  
0  
0  
0  
0  
0  
0  
0  
0  
0  
0  
0  
0  
0  
0  
0  
0  
0  
0  
0  
0  
0  
0  
0  
0  
0  
0  
0  
0  
0  
0  
0  
0  
0  
0  
0  
0  
0  
0  
0  
0  
0  
0  
0  
0  
0  
0  
0  
0  
1  kd 97 933 426
0  
0  
0  
0  
0  
0  
0  
0  
0  
0  
0  
1  ku 115 933 426
0  
0  
0  
0  
0  
0  
0  
0  
0  
0  
0  
0  
2 T 1531412827.067000 R 
1  kd 109 933 426
0  
0  
0  
0  
0  
0  
0  
0  
0  
0  
0  
0  
0  
0  
0  
0  
0  
0  
0  
0  
1  ku 97 933 426
0  
0  
0  
0  
0  
0  
0  
0  
0  
0  
0  
0  
0  
0  
0  
0  
0  
0  
0  
0  
0  
0  
0  
0  
0  
0  
0  
0  
0  
0  
0  
0  
0  
0  
0  
0  
0  
0  
0  
0  
0  
0  
0  
0  
0  
0  
0  
0  
1  ku 109 933 426
0  
0  
0  
0  
0  
0  
0  
0  
0  
0  
0  
0  
0  
0  
0  
0  
0  
0  
0  
0  
0  
0  
0  
1  kd 9 933 426
0  
0  
0  
0  
2 T 1531412827.233000 R 
0  
0  
0  
0  
0  
0  
0  
0  
0  
0  
0  
0  
0  
0  
0  
0  
0  
0  
0  
0  
0  
0  
0  
0  
0  
0  
0  
0  
0  
0  
0  
0  
0  
0  
0  
0  
0  
0  
0  
0  
0  
0  
0  
0  
0  
0  
0  
0  
0  
0  
1  ku 9 933 426
0  
0  
0  
0  
0  
0  
0  
0  
0  
0  
0  
0  
0  
0  
0  
0  
0  
0  
0  
0  
0  
0  
0  
0  
0  
0  
0  
0  
0  
0  
0  
0  
0  
0  
0  
0  
0  
0  
0  
0  
0  
0  
0  
0  
0  
0  
0  
0  
2 T 1531412827.400000 R 
0  
0  
0  
0  
0  
0  
0  
0  
0  
0  
0  
0  
0  
0  
0  
0  
0  
0  
0  
0  
0  
0  
0  
0  
0  
0  
0  
0  
0  
0  
0  
0  
0  
0  
0  
0  
0  
0  
0  
0  
0  
0  
0  
0  
0  
0  
0  
0  
0  
0  
0  
0  
0  
0  
0  
0  
0  
0  
0  
0  
0  
0  
0  
0  
0  
0  
0  
0  
0  
0  
0  
0  
0  
0  
0  
0  
0  
0  
0  
0  
0  
0  
0  
0  
0  
0  
0  
0  
0  
0  
0  
0  
0  
0  
0  
0  
0  
0  
0  
2 T 1531412827.566000 R 
0  
0  
0  
0  
0  
0  
0  
0  
0  
0  
0  
0  
0  
0  
0  
0  
0  
0  
0  
0  
0  
0  
0  
0  
0  
0  
0  
0  
0  
0  
0  
0  
0  
0  
0  
0  
0  
0  
0  
0  
0  
0  
0  
0  
0  
0  
0  
0  
0  
0  
0  
0  
0  
0  
0  
0  
0  
0  
0  
0  
0  
0  
0  
0  
0  
0  
0  
0  
0  
0  
0  
0  
0  
0  
0  
0  
0  
0  
0  
0  
0  
0  
0  
0  
0  
0  
0  
0  
0  
0  
0  
0  
0  
0  
0  
0  
0  
0  
0  
2 T 1531412827.733000 R 
0  
0  
0  
0  
0  
0  
0  
0  
0  
0  
0  
0  
0  
0  
0  
0  
0  
0  
0  
0  
0  
0  
0  
0  
0  
0  
0  
0  
0  
0  
0  
0  
0  
0  
0  
0  
0  
0  
0  
0  
0  
0  
0  
0  
0  
0  
0  
0  
0  
0  
0  
1  kd 116 933 426
0  
0  
0  
0  
0  
0  
0  
0  
0  
0  
0  
0  
0  
0  
0  
0  
0  
0  
0  
0  
0  
0  
0  
0  
0  
0  
0  
0  
0  
0  
0  
0  
0  
0  
0  
0  
0  
0  
0  
0  
0  
0  
0  
0  
0  
0  
0  
2 T 1531412827.900000 R 
0  
0  
0  
0  
0  
0  
0  
0  
0  
0  
0  
0  
0  
0  
0  
0  
0  
0  
1  ku 116 933 426
0  
0  
0  
0  
0  
0  
0  
0  
0  
0  
0  
0  
0  
0  
0  
0  
0  
0  
0  
0  
0  
0  
0  
0  
0  
0  
0  
0  
1  kd 101 933 426
0  
0  
0  
0  
0  
0  
0  
0  
0  
0  
0  
0  
0  
0  
0  
0  
0  
0  
0  
0  
0  
0  
0  
0  
0  
0  
0  
0  
0  
0  
0  
0  
0  
0  
1  kd 115 933 426
0  
0  
0  
0  
0  
0  
0  
0  
0  
0  
0  
0  
0  
0  
0  
0  
2 T 1531412828.066000 R 
0  
0  
0  
0  
0  
0  
0  
0  
0  
0  
0  
0  
0  
0  
0  
0  
0  
0  
0  
0  
0  
0  
0  
0  
0  
0  
0  
0  
0  
0  
0  
0  
0  
0  
0  
0  
0  
0  
0  
0  
0  
0  
0  
0  
0  
0  
0  
0  
0  
0  
0  
0  
0  
0  
0  
0  
0  
0  
1  ku 101 933 426
0  
0  
0  
0  
0  
1  kd 116 933 426
0  
0  
0  
0  
0  
0  
0  
0  
0  
0  
0  
1  ku 115 933 426
0  
0  
0  
0  
0  
0  
0  
0  
0  
0  
0  
0  
0  
0  
0  
0  
0  
0  
0  
0  
0  
0  
2 T 1531412828.252000 R 
0  
0  
0  
0  
0  
0  
0  
0  
0  
0  
1  ku 116 933 426
0  
0  
0  
0  
0  
0  
0  
0  
0  
0  
0  
0  
1  kd 105 933 426
0  
0  
0  
0  
0  
0  
0  
0  
0  
0  
0  
0  
0  
0  
0  
0  
0  
0  
0  
0  
0  
0  
0  
0  
0  
0  
0  
0  
0  
0  
0  
0  
0  
0  
0  
0  
0  
0  
0  
0  
0  
0  
0  
0  
0  
0  
0  
1  kd 110 933 426
0  
0  
0  
0  
0  
0  
0  
0  
0  
0  
0  
0  
0  
0  
0  
0  
0  
0  
0  
0  
0  
0  
0  
0  
0  
0  
0  
2 T 1531412828.419000 R 
0  
0  
1  ku 105 933 426
0  
0  
0  
0  
0  
0  
1  kd 103 933 426
0  
0  
0  
0  
0  
0  
0  
0  
0  
0  
0  
0  
0  
0  
0  
0  
0  
0  
0  
0  
0  
0  
0  
0  
0  
0  
0  
0  
0  
1  ku 110 933 426
0  
0  
0  
0  
0  
0  
0  
0  
0  
0  
0  
0  
0  
0  
0  
0  
0  
0  
0  
1  ku 103 933 426
0  
0  
0  
0  
0  
0  
0  
0  
0  
0  
0  
0  
0  
0  
0  
0  
0  
0  
0  
0  
0  
0  
0  
0  
0  
0  
0  
0  
0  
0  
0  
0  
0  
0  
0  
0  
0  
0  
0  
2 T 1531412828.585000 R 
0  
0  
0  
0  
0  
0  
0  
0  
0  
0  
0  
0  
0  
0  
0  
0  
0  
0  
0  
0  
0  
0  
0  
0  
0  
0  
0  
0  
0  
0  
0  
0  
0  
0  
0  
0  
0  
0  
0  
0  
0  
0  
0  
0  
0  
0  
0  
0  
0  
0  
0  
0  
0  
0  
0  
0  
0  
0  
0  
0  
0  
0  
0  
0  
0  
0  
0  
0  
0  
0  
0  
0  
0  
0  
0  
0  
0  
0  
0  
0  
0  
0  
0  
0  
0  
0  
0  
0  
0  
0  
0  
0  
0  
0  
0  
0  
0  
0  
0  
2 T 1531412828.763000 R 
0  
0  
0  
0  
0  
0  
0  
0  
0  
0  
0  
0  
0  
0  
0  
0  
0  
0  
0  
0  
0  
0  
0  
0  
0  
0  
0  
0  
0  
0  
0  
0  
0  
0  
0  
0  
0  
0  
0  
0  
0  
0  
0  
0  
0  
0  
0  
0  
0  
0  
0  
0  
0  
0  
0  
0  
0  
0  
0  
0  
0  
0  
0  
0  
0  
0  
0  
0  
0  
0  
0  
0  
0  
0  
0  
0  
0  
0  
0  
0  
0  
0  
0  
0  
0  
0  
0  
0  
0  
0  
0  
0  
0  
0  
0  
0  
0  
0  
0  
2 T 1531412828.933000 R 
0  
0  
0  
0  
0  
0  
0  
0  
0  
0  
0  
0  
0  
0  
0  
0  
0  
0  
0  
0  
0  
0  
0  
0  
0  
0  
0  
0  
0  
0  
0  
0  
0  
0  
0  
0  
0  
0  
0  
0  
0  
0  
0  
0  
0  
0  
0  
0  
0  
0  
0  
0  
0  
0  
0  
0  
0  
0  
0  
0  
0  
0  
0  
0  
0  
0  
0  
0  
0  
0  
0  
0  
0  
0  
0  
0  
0  
0  
0  
0  
0  
0  
0  
0  
0  
0  
0  
0  
0  
0  
0  
0  
0  
0  
0  
0  
0  
0  
0  
2 T 1531412829.101000 R 
0  
0  
0  
0  
0  
0  
1  mm 932 428
0  
0  
0  
1  mm 932 429
0  
0  
0  
1  mm 930 429
0  
0  
1  mm 930 431
0  
0  
0  
0  
0  
0  
0  
0  
1  mm 930 432
0  
0  
0  
0  
0  
0  
0  
1  mm 930 434
0  
0  
0  
0  
0  
0  
0  
0  
0  
0  
0  
0  
0  
0  
0  
0  
0  
0  
0  
0  
1  mm 931 433
0  
0  
0  
0  
0  
0  
0  
1  mm 932 432
0  
1  mm 932 430
0  
0  
0  
1  mm 932 429
0  
0  
0  
0  
0  
1  mm 934 426
0  
0  
0  
1  mm 937 424
0  
0  
0  
0  
1  mm 939 416
0  
0  
1  mm 943 411
0  
0  
0  
0  
1  mm 947 400
0  
0  
1  mm 951 389
0  
0  
0  
2 T 1531412829.266000 R 
0  
0  
1  mm 956 375
0  
1  mm 961 357
1  mm 966 339
0  
0  
0  
0  
0  
1  mm 968 325
0  
0  
0  
1  mm 973 314
0  
0  
0  
1  mm 975 306
0  
0  
0  
1  mm 975 299
0  
0  
1  mm 977 293
0  
1  mm 979 288
0  
0  
0  
0  
1  mm 979 285
0  
0  
1  mm 979 279
0  
0  
0  
1  mm 979 278
0  
0  
1  mm 979 277
0  
0  
0  
0  
1  mm 979 275
0  
1  mm 979 274
0  
0  
0  
1  mm 979 272
0  
0  
0  
1  mm 979 271
0  
0  
0  
0  
0  
0  
1  mm 979 269
0  
0  
0  
1  mm 979 268
0  
0  
0  
0  
0  
0  
0  
0  
0  
0  
0  
1  mm 979 267
0  
0  
0  
0  
0  
0  
1  mm 979 265
0  
0  
0  
0  
0  
0  
0  
0  
0  
0  
2 T 1531412829.452000 R 
0  
0  
0  
0  
0  
0  
0  
0  
1  mm 979 264
0  
0  
0  
0  
0  
0  
0  
0  
0  
0  
0  
0  
0  
0  
0  
0  
0  
0  
0  
0  
1  mm 979 262
0  
0  
1  mm 979 261
0  
0  
0  
1  mm 979 259
0  
0  
0  
0  
0  
0  
0  
0  
1  mm 979 258
0  
0  
1  mm 979 257
0  
0  
0  
0  
0  
1  mm 979 255
0  
0  
0  
0  
1  mm 979 254
0  
0  
0  
0  
0  
0  
1  mm 979 252
0  
0  
0  
0  
0  
0  
0  
0  
0  
1  mm 979 251
0  
0  
0  
0  
0  
0  
0  
1  mm 979 249
0  
0  
0  
0  
0  
0  
0  
1  mm 979 248
0  
0  
0  
0  
0  
0  
2 T 1531412829.635000 R 
0  
0  
0  
1  mm 979 247
0  
0  
0  
1  mm 979 245
0  
0  
1  mm 979 244
0  
0  
0  
0  
1  mm 979 242
0  
0  
0  
1  mm 979 241
0  
0  
0  
0  
0  
0  
0  
0  
0  
0  
0  
0  
0  
0  
0  
0  
0  
0  
0  
0  
0  
0  
0  
0  
0  
0  
0  
0  
0  
0  
0  
0  
0  
0  
0  
0  
0  
0  
0  
0  
0  
0  
0  
0  
0  
0  
0  
0  
0  
0  
0  
0  
0  
0  
0  
0  
0  
0  
0  
0  
0  
0  
0  
0  
0  
0  
0  
0  
0  
0  
0  
0  
0  
0  
0  
0  
0  
0  
0  
2 T 1531412829.811000 R 
0  
0  
0  
0  
0  
0  
0  
0  
0  
0  
0  
0  
0  
0  
0  
0  
0  
0  
0  
0  
0  
0  
0  
0  
0  
0  
0  
0  
0  
0  
0  
0  
0  
0  
0  
0  
0  
0  
0  
0  
0  
0  
0  
1  mb 1 1 979 241
0  
0  
0  
0  
0  
0  
0  
0  
0  
0  
0  
0  
0  
0  
0  
0  
0  
0  
0  
0  
0  
0  
0  
0  
0  
0  
0  
0  
0  
0  
0  
0  
0  
0  
0  
0  
0  
0  
0  
0  
0  
0  
0  
0  
0  
0  
0  
0  
0  
0  
0  
0  
0  
0  
0  
2 T 1531412829.975000 R 
0  
0  
0  
0  
0  
0  
0  
0  
0  
0  
0  
0  
0  
0  
0  
0  
0  
0  
0  
0  
0  
0  
0  
0  
0  
0  
0  
0  
0  
0  
0  
0  
0  
0  
0  
0  
0  
0  
0  
0  
0  
0  
0  
0  
0  
0  
0  
0  
0  
0  
0  
0  
0  
0  
0  
0  
0  
0  
0  
0  
0  
0  
0  
0  
0  
0  
0  
0  
0  
0  
0  
0  
0  
1  mb 1 0 979 241
